address,holding
0xE28033a9BD54202d5f2487dd2C8518F48f4f07C2,11
0x505216f954D09B868115B29F48cEabf5393e3faE,11
0x99F5585Dcc32E2238634f11f32D9Be9Bd5e98b49,10
0x2e67869829c734ac13723A138a952F7A8B56e774,9
0x733F6AEbf69D1B80B5B88859240cA155D50517d4,7
0x5564Caa789AD35E72b1612D1Bf78dD295b24605b,3
0xfdf44C9a96Acb4d37611F2a97E0D2FB3CDB2eeeb,2
0xF94BA062308EA92f7AB3CF55c4B410339717C74d,2
0xeCedde7900D9f0271e894F59061B5B67a522a227,2
0xaa71d845e6Da88069f69e56bE7421a77E2fA87b2,2
0x97E0a1f28c9fff064b2DF8aBbF6a5d4dB374a823,2
0x88c148f08fE02E94837D281429f8c19dB16df46f,2
0x7DdefC5699D351C1E8c9a29f74a939193E593626,2
0x758Bb8032B2d4Ced5742c6A2be46738620539D77,2
0x6d252BCc606a1fC014B0eD8E906A16bf7962d19F,2
0x697F79B58B74e6A96333a99fE3590a7Dd7c37f20,2
0x649890078Da0f9219D73C35d648699252451c627,2
0x4957a49E0cD79aF07AeE79039E0aF653A7f7d71f,2
0x239C3Ab9a2343790c4B3B77d436a138c96729cad,2
0x03953cB6CCd4df6f084bc3AC3919A2f258Af43a0,2
0x019Ed608dD806b80193942F2A960e7AC8aBb2EE3,2
0xFfE6D9d29480D0673C4FC46da22D21E245C8E731,1
0xfFD79b366206bC8F0Ab8f41429E41D4513E78B9f,1
0xFFBD9720813182b771774281e9dF5a4A7308738E,1
0xfF6f0a4ACcEB65C69313706EA01Bb726c4926F08,1
0xFF36da79cf472A3d0D60f95561ADCE920514630F,1
0xff1FD482D591864fdfFbdCA4a529b239561a002b,1
0xFF1b8a648E0A38C2451991b2971a7Bacb1c216aC,1
0xFf09c95B9cdFAa15d259E011d607053813442270,1
0xFEDB83663219E603E1151A9Ef588aF40c8015461,1
0xfec73e601490DfA5261a7eEB6395e149a9E84580,1
0xFEC561A24fCc4aD3B917FBCe29181d8f12c956c1,1
0xfE9f869a1Dee98606d2770957Fc15DF58160cF46,1
0xfe8cC72D95633e3a40CF3D221a609ef0C4807745,1
0xfe72Dc76a56627E768C117503388D7A8414289e4,1
0xfE70187B9BFbc1ea51C816D7606A879bca999770,1
0xfE43c0aB21e45aA6461EfCcB147819565C56b568,1
0xFe36DBaB33E154D8fC2957eE6e43088f7999eEa3,1
0xfE1A44d6f15c46FB55fc86457E4977de8Ae8E0Ce,1
0xfDD8ED499DE6F6629D3C7d64B1ccE6e352816412,1
0xFD94af6971bA7900DD8Cf86C62d5C2646fc3ea4e,1
0xfD9346ab4695B81Ca87AF0a357C5f50F6CE5521c,1
0xFD892f1bf7B54fE61bFcA6BDd9b57b3b628C7532,1
0xFd7e6c923EF60c663AdfFCBe4e2CdED29e7cfFd0,1
0xFd770fa6212926783c6f2d54346D43936b413Ce1,1
0xfD74e17108ca45b149Be7abbBAfC7ddA83fB3a60,1
0xFd47587C6BD9fC5805053bAa296846Ec1845958a,1
0xFd4520753366d35E5Dc2f76d52dC58a5261eD263,1
0xFd3eB2eD4855AB5F961FbabAAC4861a0AFb0c6FB,1
0xfD17320Dd3be9E3833747f0c015831098cA2deda,1
0xfd14a41E18CaedAe2Fb72449d479babA1665f593,1
0xfcF7B861B033a88FD9A843Db79ff5E5FF8B719C8,1
0xfcd65b6f7B33bE781aB6881D5F4ec83fe4Fd9d02,1
0xfCCF5aEA437B4FF4D3c8b49Ff65F64432a681905,1
0xFCba85877f8C8dedDBb225935Af7eea50d84Da90,1
0xfcb19fb84bEf2cfF8De2c32620b463C1E3b632Bf,1
0xfC942FAB137118B484261d38fB2cFAB6D7d81739,1
0xfC7E0E5F47Da1C267a3C6D45CC2a023F230d3aff,1
0xfC64bCa6F17459cFd77Fca8945e20B6867b4B054,1
0xFc44421E8641F344aE44F0C22144e053bdc14263,1
0xFc246a62E02fAaACa94bD78cEFB27ED90819D7B4,1
0xfC1eF2C27746832A13Cf905479eF8E212a18227a,1
0xFBcFFDe3C0dfc0bb786b34C98a072a853d2E79f2,1
0xfbceD3D36BfA798C3aC4fABEBDE438a052fc3C3a,1
0xFB7119566BE12046424c8C75e427F2f1347b4Cbc,1
0xfB3ced44B94c012Cd52f783E2b37Ca9f3a994b0a,1
0xFae62c9056f9e9c3cF555311aDe26A2eAB01a8e3,1
0xFAC219Be81D0236e4167163111298934B53a6D95,1
0xFA9C1C4b51F21a965d51f25FD82cf193A0F361bA,1
0xfa6acdf95EAB0B5FB855a28cCd351694181D12df,1
0xFa67af95eE4ce8b3C47fEeA6f1Ae4b5dfb62657A,1
0xfA4c4d9D58a8aea19821E9B38B8CF0BEA090abd8,1
0xFa18b9047Ad29f8B66b556da8e97af1b6A57E39C,1
0xf9fC307dcf585aA21dBBfc818d91cD13D0DAC282,1
0xf9e1D1e9F22c96752356AdFd377231528c7E851E,1
0xF98D2dCe5275F52CD6Dc2BE020f9E90F6A588B74,1
0xf9816C16D9b976fC2e1a560207cCB3B5DC8eC12d,1
0xF979A3eD486c7BB5b29fe2e6E4aCb76bC1448a02,1
0xf9505D737e65E2b4Be9c7a7be175b5a6Bec197e3,1
0xF946335f974cc6EBC010b28b216cEF3106848631,1
0xf93Dfcc59e7C2ceE3372c10256FEE0A418bfCf13,1
0xf93024091E567b98B264e80DecABCAd5E8dcDf87,1
0xF9047943d485bFd67293D0213F95880B6503d8D7,1
0xf903742ae14AB2e86FC85847E08EDbC5C79db0B3,1
0xF8DE1E04e35D3059Ed38a80c23a85884c3a12833,1
0xf89f0c683009fDD94F4563938d91e38F60c09489,1
0xf897422dBDCD47c0F30CF186cd65E53716852Ef9,1
0xF8219bD4D474a8ed9e4041d6caE01467F3eE1E56,1
0xf801a1c2f1BE24A0278Dd3A8c0B3Ff3d965d9d21,1
0xf7cFd8FAF818503c0a13de3697573e83264dE5bD,1
0xF7b34AAD890fBA5461cFECd0DC25B33942d3BAD6,1
0xf79cD7b73c86cf051D6E814c4E457081e019F85e,1
0xF7979Edf3139e557022c827aB08530a6838259B5,1
0xf78c3A7514055c8FDF95AC594Eb2f27784e807dB,1
0xf7713f561a78696eCE91f6ea117190595BBa7349,1
0xf768F97b87ab4d22EB5b9c34506ab099f67cd9A3,1
0xF73AD3F6B82a8e99bB9c701D498054f9Da628e27,1
0xf69d514bAFE71DE5b8594c455D7360E40A576175,1
0xF6490029f603eAfB36193a955444Fa85aDB63694,1
0xF6434D72933A04550dd2e028CCEB600472b98b26,1
0xf6347862301038b721c0d6Fa68201BD510E74971,1
0xf61758E4F312e7a61050a50f8612d9F5F791d8fb,1
0xf61467b750F98B40884E23dc051bb297dbC772b5,1
0xF5c4CE97cde264f046a8f0ECe6De0AA013F6cf3d,1
0xf5b1Ae5B41Bec4AC1b6485df24F972DB899F600B,1
0xf592A5Bf81E750854a531e7B82EC0313A8181295,1
0xF57E2A88E4D26Dfa55f769D62CC1627c0E6D5faE,1
0xf5652F712867EaD6c824E6b242796d7d5ccaE405,1
0xf55ce491aeBA83bE94d0E4A046c5d13E9a31D14B,1
0xf4ee1B18aA71a18102af19e6B0170087c82250fD,1
0xf4Bff4FAFCE6bb93eaEAb4C5EdEd3ea681250d5E,1
0xf4Ad61E3E1B617FEacEB118c780cF759ea72f1ad,1
0xF49Ef72e43d75503CfBe7Dd7A02fe155d53b36e2,1
0xf4827711AbCB397bcd051EFEc15beFA2A8a13BCb,1
0xf47cD6aF843fD5aC0B342Fc296C26a00Dc173470,1
0xF47027F3eDCb1F0b6861a25E6f3738E398440e11,1
0xf455482602ee0C1512c521a079F11A8910c494e9,1
0xF44Afc84b2B1d5391DC6f72EBc431DD280cE8798,1
0xF447B405fC7b41DDfeF3CF66EC790EaBd6b26A47,1
0xF432933B11ffc9a8ed606e7154028D25a515d16B,1
0xF430c10e48a5888f23123656641BFD8347a2442A,1
0xF42B999c714044707d88DA2a84d881dbF084480a,1
0xf3De96Dd26847d877960736E426E2d852B6765f4,1
0xF39d75F3D04fec658F966B105d5d96b91e426712,1
0xf37132367d530fd99e77bf1Cc85c835F40e1cf47,1
0xF3604FA7edF245f344acd0f4083E409BB2fEfd98,1
0xf35f6B151F726C12Db80A6D39969A27Fa44140c8,1
0xF340c515EF73324478A4d197Ca94AfbEb42c9554,1
0xF2De1Ca394f2AaCf3462985490D9acDC9E6394d7,1
0xf2b11473143dC06b6a40A008A49fD00961d3Ac98,1
0xf29393374a20AF6a64C3211b208dCAF5a966365D,1
0xf24c2aacdD817B9DC752880b0Fc52f78619bf9B8,1
0xf215b55E4A9427Fb2D6644d6239C64ddA34B2F11,1
0xf1e2f780E90461Da9c87Cb34747Bc26A90FC7536,1
0xf1C9775A71d3Ad07475C4CcC4D877C6aa47f0f18,1
0xF1A7FdF247eC64384d20322667868C33aaF931B4,1
0xf1A312F0263290E1E293f4855F338CCA34ccaC03,1
0xF19eB342dAFF975c357451F7612A626A0cB7c607,1
0xF1850ca7B2844EdC2DfC3542CA7baD3fab9914d1,1
0xf165A9793a270c1347BadF883F48c36cb5e2310E,1
0xf14A2b515FF826089e6899d226e526af373819b3,1
0xf114CEe3a3beB8700c78dD602137C1552B2EBE56,1
0xf0FA01501bB9ec23abdaFD69DCA839dd5BB545df,1
0xF0d02211853fe3BE3E75313457bc7c9E4EF1DD47,1
0xF09c9611a8243203d5B0aa667D2f0f0C0cD45366,1
0xF04092D1E7b36227D8348783a95CcA4077c9436D,1
0xf026a6992993F55dd59500A6faD32DD4D4C82042,1
0xF017E8BeC2fF48244B3b568F0592F5C84aA6fc33,1
0xf010128e081f242e463Efdd60d217991908bAf2D,1
0xeFD67615d66E3819539021d40E155e1a6107F283,1
0xefC5FF84594ebF147dCEAeB5c41079672CF0d85C,1
0xeFb83Ac62b23ccd7C53CFeb5333788EF9Da52579,1
0xEfb2D0cF5E8807696b0D096BCE717C897d610A75,1
0xEfA92690A56F416038Db1e8F76a87aFbbf3Fb86a,1
0xeFA54f09c318984c21DA1a942775d1fD7AD889a9,1
0xEF96Aa9d98829d7163122b23a04aEA1639c44252,1
0xef7A6BF58A7263B1Df7f5BdaE2F7AE7Ae39BD463,1
0xeF530dBa0C0Bf455838275E0040102E631901057,1
0xeF301cFA99e2Ee4662e4f86AC962a80dCA3CDb9E,1
0xeF19857141d0fB8FaefeD4a5fCE60fC67D547B1a,1
0xEf18d342FaE9c175E02A4Ab6eD3A7D63F2255AC1,1
0xEEe85b55F8C6EB0fb32ebD97006e05998CbeD341,1
0xeEcC5F5c0704C516DBB832d18B988a11e364637b,1
0xEE70c23Bc0cfeC5754ccF79eb575095dfCA07631,1
0xee4D078F9E4BBdDe3B951284dBFE7c458Bd8C7BF,1
0xEE3eA6f858aE84dD6959f241DfC257a2f8fA3f53,1
0xedCDF2943B3FA1Bc8bd7C216c3a575A84b1A01F7,1
0xED97Ef6D7f2CfD2A989cb9EF9742EeF85842e19D,1
0xed89A27C10FAD932A91a4026C0560ad7197071FC,1
0xEd6Aa751E97cB573Fc06646218F83d5281FDa8ec,1
0xED4A59031e82296ED0Ce0E3E1Bf0020A5570150d,1
0xeD3e6CD6B518a89f6dcdE582425e5cB7489178F0,1
0xEd3512cD293C412625430C9560D21f8BaF0CcB63,1
0xecFA4243Ef4da8487ea21425A602d82fdE608E7F,1
0xecF45bD5F784D48E842ade30e1DD31a66d907F22,1
0xEcDA66d8E3038eBc7766c5C70C8A1973F08a3f5c,1
0xecCE99b4b41a8b27dC280cFB2ee5a55ebCB861Ba,1
0xeCaCF5FEF2E6c1F662101FC784d6fEc26Dca5aC9,1
0xec89eB209a7c3B1a77e184253F3676F50129acad,1
0xec6c0B4ab93FC2115A2747d562A425948f8C0e68,1
0xEC5bddb1D987d6Bc5b400107b305794922e64b29,1
0xeC5Bd81eebA9CaCa693caE608F9746f7cca19248,1
0xec48ec785B6Bb8f298fe4F4a7868ac4F679E4c39,1
0xec3c19B21aAFD2fc0306e5Ff8aD547c0174e2012,1
0xEc3aA922a523b20be9C83A8EA4A4571F366b5130,1
0xeC37E60a84708EE22E8cd275c8C6bAAc6A8421f7,1
0xEBF311E46022Ba152458d2ECA4c46041aF6417a0,1
0xebCE789204e339490F3fF1C385B93Ca81F601365,1
0xEb4917A7f5872Bf2b77DD009590aF624f523fc6C,1
0xeB39E490219ED9012A3e37a1403567Ba6120B7b9,1
0xeB349F9b8aaB715C7CED28b0967FB133A118C719,1
0xeb0bC3c0cF1901D03c5721F8Fa93137f008e6fE0,1
0xEACeEa702fe9aFc0FB16D93a70672Fe0Cd3d41C0,1
0xEab804590011d0650FcB6c4Da1870C6e9ca062D1,1
0xeA8D02CAB8104D38277dC723842D8cB24f4aE79D,1
0xea3549a358cEE7854C111AC888dE7BcCc3D55C2c,1
0xEA2F79BCE55908A11E0BF7dFfb855C962041674f,1
0xea0b17723f244C26dd1ba181c5b3E8eb641F19d5,1
0xe9F5642430e8d41e476dA0874f3153293C16ce74,1
0xe9D6EE3900624D3fDA4A5d7d49a9B7A145668FA1,1
0xE9c533A09D01E2E0dA446a41346F43AcFbB39012,1
0xE9AB84567aC1ae8B8b17ab6DA2Af19F261893Ed9,1
0xe9a830AB84558DA8Fbb7995306bDeDa3F1f6D1DE,1
0xe8eDA53fDE3Cc6149989CA8aa8a2354F0A287b51,1
0xe8C079eF126e13BDC8eD5C66af904406EBBA8184,1
0xE8AcC81CaFfFfafb030ff62a59Ec4bdFe9201017,1
0xe88AdE0824ba4DD6a36891dD60B83C20462B3545,1
0xe876084b9e0266DbA674Ebd367BA0363341E6DDa,1
0xE84f05A482C8C872d0327C1E61C95b4F5a2aFB8c,1
0xE835a15900547dF992c5632e0FB94e833CAf11eb,1
0xE8176e7F80845Bf155cc02c26899344c0EbCaeb8,1
0xE7f71aa9498FebDD9Dd33D336670e86d85850688,1
0xE7Ef3FEfe71b2d0716C4B4971853605e7799cC84,1
0xE7eCAFcf3f20282fEc98D703184f141B4E54Bb8f,1
0xE7DC0013d6ed26C7DaB0BeC49779A38E8B166663,1
0xe7cFA7b1Bb961d30bec8CEb604632C41C322De2A,1
0xE7A30c4bF41956504B4350f481d4B5a31ced2c75,1
0xe77FB6d4a9d94d919FD290f2EF1a21b618Ba9EB2,1
0xe77A5CEC86eEdc6F90F2ABf92faBB0819d6AaFfE,1
0xe758683cA38Eb92191B1d5218c91c23D736D30b9,1
0xe71a65BA781E7aE0d2449795e05D3501C051C03F,1
0xe6eF6d5a8c02b156e2ae29D557D4dbb92620b295,1
0xE6ec7f3155bF378A24b93677EFf2cCF05dEF231D,1
0xE6Ba1dC813b3E50F58dda0633Ff96c2CaD0570b2,1
0xe6A2B3de56682fa9EF8447557C5689d3Cd46A2ad,1
0xE61e74EdDac813d5738Ff19Ecabbd6661958Abc6,1
0xe61D0838e3caD52037bA95fF8D9768AF43070279,1
0xe5b233385AA7962209430506638eaa867F3899c3,1
0xe5A986B14a416caDB86A82D1Ad0d7722C7285B1f,1
0xE590355976D51322D096E89187BC269bC44c7166,1
0xe53085d26544dAF3BA8f66B2D1B108E285cc51f9,1
0xE50F9523b8FE64A5B312a3b6Ca5312b55956Bd59,1
0xe4f245943c0C92eF675282080103a1BE28Ce7567,1
0xE4EBcFF8AE18b41975d6aBbdB3aF1aD4567FB176,1
0xe4de43eAD22d3744db8eB04D90fCAb4E9515AA33,1
0xE4D405DFba629d40673066eB139c63f385C91Bad,1
0xe4cE54dC79fBA0C867b577E5486a352565625EC6,1
0xE4c64CE63D4AEe584694541eBFf89bE8aC555091,1
0xe431119b2248c43f48B09E93E931B90D7Fb2EEd0,1
0xe42d5F2F44e265BACCcc721f3572bCa956337209,1
0xE4269ccDa2cEA7706CCae3e71461B620a87D64fb,1
0xe421c9d5Da7D6129d62e7F37965B4415D9CDFa4E,1
0xE408f26f1736e01de557477dE132b1cF58B729b3,1
0xE408ee0DB5e8E732190f3F3CC07c260Ec5395038,1
0xE408D65d495c567aB246E7c90F11d15d96c1738D,1
0xE3E5C5e3dcE459f80AbaFBfDcb3d0788aD5b767C,1
0xE3D0a497d70b5383E5A3C334a5Aee31008E07D73,1
0xe3cC1aa979A54DEFd0320C2121bAf3C28459cB94,1
0xe3b6A486BB7143246f0ab52f1b64Aa9A381C86A7,1
0xE369e8176960aFa83aaf9a396C52FD091380093A,1
0xe32912000bDBD58c4213aEf8e4e5aE76e310B1f1,1
0xe328B5120378d93cF94c015fC6b6FDb4a2Ce6C95,1
0xE308529Ac754465e992aD62d7A3E0abBEc0ce7CF,1
0xE2f4F9BD081359DA51Dcb8977Fb46BC5EC05d842,1
0xE2DB4EdF3795C8c7275dC715e2ABCfe329cf682D,1
0xE2C2bbAc29a8991C21D50cFB76d56Ef455D85157,1
0xe291F31162AA140e1C0E36db15ea40d74550eE5d,1
0xE28808d170Ff9dFA84e1973e7f06A0213f1e3319,1
0xE274323A0f5B2a3DAB72584D3dBF26f4c9Dea3cc,1
0xE227fA0fB42BfB85C865FA45dEDe9080b5411eA5,1
0xe21A272c4D22eD40678a0168b4acd006bca8A482,1
0xE20e4722f01B6E78C1a7D9d1b9De7576e4e2d11a,1
0xE20C4225a967a12c40b5CAC343CA3EC7D09a2f48,1
0xE1a27208E39a8aCFe81e1AB230BED577C8460296,1
0xe196494D34d95B0B81221EB0910FFa9b837Bd254,1
0xE16151D8E8B1DAE031D55cFF4BE441147BE1c811,1
0xe15EBB6573496FD6860f7194285375FB94C9A7C2,1
0xE14a13b8eB93B6569a748EA57A1A97025fc82BE9,1
0xe14223F8b4ca2696F8255606037a48E6497178Ff,1
0xe10A76CAc4f3d807F940A3b98f8F87Aefb7a2cD2,1
0xe0f0b3B0478211A6382F699F929cfdEEa430D57E,1
0xE0e134c517Da870bE886caA4c2DB1010d8715D8C,1
0xE0e0d239853c5F2Fe0a524d544eC9eB71fef486e,1
0xE0c255569751c7aB0F7CaA0022869095440ACafe,1
0xE0BBA9ef3bD7FB5E875Ec21F72ED5E021F68195d,1
0xE0b4643bB55D533c2F22F9F3aB419AD19B5D9A72,1
0xe09aD735d16a8213DC4877cb9cc1fAF8C74357Ae,1
0xe0527E66ED8C7e372007DE0d65A5Eb45caC53e07,1
0xE0132B0B81A87b9B0c4E4af91819f40eeE78010c,1
0xdfDA7181EB27A69d897E82cF96C5BcbdC3c059B0,1
0xdF8763126b6bA0b5C7b155db801d1a9146744918,1
0xDF840eB4E4881E1D14db4CecE2c451Dc945d7407,1
0xDF67d976307886ec39573EB979B1af790aEA6787,1
0xDF5f4A2a5FC188c9C71A125d36015D972286d67c,1
0xdF3Fc155A11d3D3ed23D6A304f340b617Ba6336E,1
0xDf3e23824C6b35Fc005dB2951396669e48bee106,1
0xdF1D336CFFcD8C01D6a1AdfCab0c9691A3e60015,1
0xdF16e535EE0Ad5874c664a58FDAA05C9e243D6ee,1
0xDECdAD605178cc9a06eE8C311AAD83507E952D7f,1
0xDec584861c6B4D566EF598810c22a00FBF082022,1
0xdEBE6b035A48FbcdD7202a23eA3f8232511890D9,1
0xDEbafb96E04e3E0f9591989051235bed6F9D8012,1
0xdEb6443Aa28baEE3b366f9EcDfe40E822bb65E94,1
0xde9AF08837abAC78064d3639Dd6fAE27e3Ba7EC4,1
0xdE78A3ABb7b2Ff92410c6f82c588015d6a78d988,1
0xde450Fef8EA2cA18b850c9567458656a13da3110,1
0xddf7048E15c1E1B5E0877c7ea026BA06a2466271,1
0xddb7c5F6fba0Ca3E45601B7e9894AB5eB0e93745,1
0xDd96550E893dA394682CDCD102e32Cc79664EDbE,1
0xDD7f04A038F87B72bCeb00f89f27d7986fC79E51,1
0xdD65C5E9d1D4124A4730A9BaD9BA5784F9B1d1EC,1
0xdd0Db6b43a4C51067Bd5196579a662cB42813A59,1
0xDcF2A3C6187f927D2Ab51eAe870f8905B377fa86,1
0xDCf02FFe0DB3645dF5bDd570F8B74D6c87240cD1,1
0xdCE9C433052901b89b26AAef336442b116B77819,1
0xdCE04f7b358d185d53D958B3ff4cBA7092C9632a,1
0xdC9528e73f770C93ed7895A2928D52eA1D18E1A7,1
0xdc8ca994fcd38C7E97C9FC285817441A77a53382,1
0xDc57717B1F5337b8785cE35354BA7C1ff52D6A0a,1
0xdc3F2a0D3dAc8f38Ef8aD1d8F1Eb7fE5Ca4c8201,1
0xDC2EE029Dd7E6DE5Ab7C64FfA894dbf1C1aBC898,1
0xdbFF52676193003c5293A91B243da80892b94Df9,1
0xdbB33E56253957c95587a4CE88D8Ef79645D1c05,1
0xDBB26d7CD0E27816b476ca8B4C54fb2c9ED89EdB,1
0xdb8a8f3322E6A449a40bB0dbc530e70C0654D2BB,1
0xdb553EfA7246F6d66E54F3587f34c595ac704F1b,1
0xDB432d0Aa38ddD4eCc0D9E2B41433a284BA1d14B,1
0xDb349bf59c9a01E6856F6A6d314c312831279454,1
0xdA7f5E14BbB16655B300Af7AD178c61A6D6F9E60,1
0xdA68f6b3163431698Bd21f143476e08709383E7f,1
0xDa4eCF93f4FF9aa1F868a39C5520d29e1A9F07De,1
0xDA4e257275A686592a3Bc7c43Ab94526086ca281,1
0xdA2ec5aD9b89fb663f2a7E5eb3149570E2e59362,1
0xD9E1370e4810202e1f38cBD3EFc90f9A8DFbeeCE,1
0xD9a65720ca15fF6ADC30e431A7A2c4c364A397e8,1
0xd9A1699e69D0C0F94f4e05578Cc048365Bfd4735,1
0xd986a1F25E608b1E75F620B49f34A4Ca6520E5cf,1
0xd98268153d93b1cF82FfAe79C9FF2634b1Ac3A4a,1
0xd96b81D125c75bAB717AB498AD003d2Ea36322f9,1
0xd94e1c5376665A9B18Ab93542d38005C36D64790,1
0xd94A01D6CB05388c1008415EFAe38Ea8c5E4eD73,1
0xD943f68337A0Fc443484a5356a3865762c3F1466,1
0xD91A53803DfFEF52d4f277E55Aa97aD35442a6fF,1
0xd9106E460d4e7a0fB76916C28BD719Db5e0C5004,1
0xd8FF36BD818BcAE0278F0904D527206363795082,1
0xD8e256E94669ebc7f5B26197BE4c0b153F33f2c4,1
0xd8Cc331F67d806796319A1F0Cb65d33C08bDC1Cf,1
0xd8c31BfE46800DCE48e0372C77A637b945060310,1
0xd89498a627EBFb7065eedeEdD0b79d0E87472EFa,1
0xd89270aa8ca6D4d0D12624056b16b2339f8E220f,1
0xD88B2D4B5FEbF8d5f440DE9f4e5E216F56fEa1ba,1
0xD8746D9719Fb96bE42308b0eB9D9B8E91334E029,1
0xd87120aA0E9220948DCC3D207E0b3df2e4Ade1b5,1
0xD8430211a7FE6086bC336A3fF9bdBD6Af5D2433F,1
0xD7f9e3e2A28b7D0f0a534511f2a4cAFA7e517a6c,1
0xD7bD783b57Cd6201CC0A9d736c866223b57e02ea,1
0xD7791F66ae8bFE55d43EA349eda61a3d3F23daED,1
0xD778494b24e123ECF9873fB60249Dc9D16a10C78,1
0xd7385b0e6db877731913e0568dfC2F5e7B1202f8,1
0xD706Cf104c34E60627a090514F1a5Dfcea51F05a,1
0xd7007Ce687E466aDa695Bf7C97A9a7Ac1784270C,1
0xd6F2D312A626ee57013496D6B34d0900568AA092,1
0xD6d190a79Faecc78cEa923702ee06221731DE0c1,1
0xD6C9f948cfC74eD360F4f0AaccaE1Cb34c89BDFa,1
0xD6827F158dd35b593B04ee11d8DB20fc328B82fF,1
0xd67a6BecD069281722298Fc4Ef456d23695D8CAf,1
0xd65e16cCE54814882735CBE9770ffD616809B20A,1
0xd5f2DE368439eED5527e88Ea52A7fd44758AEe99,1
0xd5eC5C9cda4260A1774d23611999a8FfbD1DFFdf,1
0xD593be7D470Ba396c180229308EDAb4e60b98479,1
0xD569674507CE69dBeBcE4BBBF8e9fcDaE738241a,1
0xd5272277ceeC9963b3f95A07DA11508FBc06589d,1
0xD4fCac34462b27AF60Ba977aD1bC492D16159b92,1
0xD4f06B23CD1f2e4EB0DA3D806206c4AaD6d2234D,1
0xD4D80071a6E5FdedA91d140301502B9121aDD675,1
0xd4D23C9E549A8ceCD795f5a430127335a1905B06,1
0xD4bc689aCa0A4a0A80f6C144f0030378C2652621,1
0xD4A1acB89b00c8706FE98485beCd8c33e8a774dC,1
0xd489C6b3A3dA941a87492423cEFF431643E1f654,1
0xD485A5e67815c4d5ef976A2a3f03cd21dF2901A0,1
0xD468e6636CA4eb538ae381273cB3a63489Fb0422,1
0xD4448b10027903e6C3524DF291862F30350be969,1
0xD3FA6ED099bf262eD26c601C3858EBE12f7C719a,1
0xD3DB41fC7bb9F8Bc45a41234Ed58Fc0019458b0D,1
0xd3b89A09b3DA0d6A49c72Fd508805312A5080774,1
0xd3B0fAd898Db7570e72D701FB07bFc05A946271D,1
0xD39c564FE60AD5ce7769d3087d1D1229186D0c1c,1
0xD36DEe9bc3f42bA57e83C1cB2042f81370b65087,1
0xd34f32899D573b465FEC5146013C73F7505D56eC,1
0xD347F7B5FAb42a04177bE02C1f669aab83fAE992,1
0xD33f5EA3bBF5245b6977c827d4802ffD439c90FC,1
0xD32f0e80E1E9c20FeC1BFA7bf27AA737305107E0,1
0xD32bB6D72E272b380919E262Cfaa31507E1C0A70,1
0xd3220ae99ACFD50513CdaCD1acfDF6F0aa205715,1
0xd2e25aA399C414aAA2864E43cFa99A9a77F6cc5d,1
0xD2D6E38A2Be284F06ad102E524178FECC233Cb35,1
0xd29eee9F3DcE5f33Dbcd527EBD6398CA2bcc7594,1
0xd27b3dD64F1d939b65d2447DEeC58cD099d97806,1
0xd253eF26Fd07ADec2372C1bFE31e30519C7bA713,1
0xd2507077267BE657EA6F9eF593C4a797338b8d0a,1
0xd2210a6E3a4225D1fAED02C2E61FC49F281B5773,1
0xD21AEb00d9501Ce0EA2FD442BCF3Cd8DdB6de7Be,1
0xd211003896b3a31586F536618d3D14D9dC79Fc84,1
0xd200954Dee66E84BB9bc70cdd63dbE030932119C,1
0xd1c805676244085838262806fFb92b21421e5B8d,1
0xD1A90CdE483ec18862553Dc6737EA7d6bb46bE51,1
0xD11d74306e28369d0347cE096600CEB1395BDdA7,1
0xd118398194C3A0Cef2A10E385fed11789250144F,1
0xd0C7a59e3Ce5a289b553ebF7659F5C3316eCFBB9,1
0xD0c6CcEA1f0a9C7792aE83dD8f70348d2BAf8ae5,1
0xD0BA3E21928c061E912Bf3c7e67eE9588c04e238,1
0xD09e22250590eb71D758102E2658D947987D3750,1
0xD08C46dE31E9DfE1CAC26033A77962dAA07Cd4fF,1
0xd0754a8559E784289f7AB570dba47caD9c30B69b,1
0xd0520C4C58B77E403443E93F90Cc98D0c04B8c77,1
0xCfe99e4DAdDCf2C3D0666e7b23ffA0766B1a4C84,1
0xCFe3f9534dc294430a70469f1dDC5553Bd0D93a3,1
0xCfD7Eb22dF95457Aa171ee800f3f23e5Ce480521,1
0xcf7e13B1a8C2E966da29B9bDE66894A2B03C1817,1
0xcf17776f8CC6a99eB468D8C7E814452503e47281,1
0xCeE057506251a8BFDF6C80432DA4eD9948a2B31E,1
0xCe926df3E1D010a0a25C0cFbEFEB99dbF14aa87C,1
0xCE804e812D4faa1D5C169a1d365B9419c7217250,1
0xce66dD636Fc10253d662a7dFe095492066c1B0F2,1
0xCe4f9CA745d12A5706269eFcE7b70D596D2808C0,1
0xCE4a41fCE5Df4cb141B71b2cd978563659529F96,1
0xCe3647fF6fc5A00Df8B6DBF8DAE69dc86D11d86F,1
0xcE277B5600d1F973c017A4D4b17f6eA85330A50C,1
0xCE091c5a7eAa27488746D7DcF8a1F048bdb9eE5B,1
0xCDFCb06D537F2513c99eaa3B33F9eA6e0D4311Ab,1
0xcde3725B25D6d9bC78CF0941cC15Fd9710c764b9,1
0xcdDCe70fD894e38648920Bf45d6B350e543dae6B,1
0xcDCD7cD5aFB093011DC31e990Fc09bbAa7B381D3,1
0xcd8Ae42fBe4A619A3A0328504761549C3b1a2c41,1
0xCd6c653FF9d56155a30A0C4b5Bc67C69388271B2,1
0xCD66A71ABD5FDC5e2515B7a8119a9498Ddb104d1,1
0xCd29F697268883e568fB8E34173782F4b03bD835,1
0xCd0D4CDb238Eec15Fcf4ff9d13d5a59051E507D7,1
0xcd088E347aC400327Ed62494FA274D5E69359FEa,1
0xccb59210dfd52965cbc43A40905d582E458eCb8b,1
0xcCb187988CcdBe4766c1401e7d4bF8b90D0A458b,1
0xCca157CB3d3E0D784cB1B91221Ec2a5A51Ece570,1
0xcC928e103720E4fc7de953A159A974C8734Ad755,1
0xcC52f72c0813e1aDA3E4ACaCD57d7fFeca3620Ec,1
0xCC2F3f43a28dc59a0834b23Feeb84cfA2dc65A0B,1
0xCbedEdB04deD67285F92378D427fb417524A6680,1
0xcBE99600be6f02f97Df92A3a5C483E939C6e2bD9,1
0xCBBA4A3aB07e76B57fd53e46f6fFd8Dea5DceD1B,1
0xcb9520C58b63AF30245ed498a63ff17fc7B6E319,1
0xCb930c9C984513FB743AD8eA8e9f339835cA7275,1
0xCB2fE20109fE439668D3D8Ea41D31aB9937bA60e,1
0xcb1587a01d12E060c548712a01dE54fF0C7AC0b8,1
0xCB04843cB6a230884739b103819845Ed8f0174fc,1
0xCb012B013df89efc55570feB722e63F4E475e5C6,1
0xCAcD4783cB406f7c6A5145E7c10655faeFb55CB5,1
0xca9A3c13994699a4eFC928A030A3e2326d4C5909,1
0xca0c8c28EC2f352649B3b9D2b8C673E6254142D6,1
0xC9fF715ff5fDE21a10c8054085a756ce098fE896,1
0xc9F491C230B4e4137C98C32978C1392Eb3169BC6,1
0xc9BCEc43B9453aeD2bac9c496b30b740B6a04073,1
0xc986cdE72A2f91dfDE731A6f933C702c108cC1a4,1
0xc97222F11C288F7db1AF4b05A38D3aed132181Db,1
0xC8D46eb7881975F9aE15216FeEBa2ff58E55803c,1
0xc8C4Ad70435951B6FF18b9A56a9801528FE632a1,1
0xC88B89929775A531E45EDfa68521F16Df8BeA601,1
0xc88114F142C416d3103a7F2C6D3977cc92dAB29C,1
0xc85cd32D9a204CD933B49CE0414BEb8697e09741,1
0xc85C8Bd2B180427aE361899629749666F8Ba34D2,1
0xc857C52D7CE7514bAD9b4C5112b223bA1b791101,1
0xc81Ac6383D49D908bc8C5085A6091E13de43B8F6,1
0xC817c390e009114686d35765fB8acFF44f267976,1
0xC816d3383B211Bdb1e878e0632Fad0336d6d5Ff1,1
0xc7E8921d5Ed0665Df082D1a4703fE401Aa38024F,1
0xc7CD58102F2827817eF471aAf8E4bDc56da89Eb4,1
0xC7CBBe0b9B11A297AD3a20A79aB2dF71aFFD0F80,1
0xC7a7a3B3Ff35d304D40942768a8ddB95Ff142C05,1
0xC76A6a6Ee1d8514F4AE9AA223874C254cBDAB8DC,1
0xC72CBB5fFDD51A71a19c079E012D51Dc31E07Ea9,1
0xC70e59c627201E47a6a8495B8Fe7DDC889524625,1
0xC6e59AeBb277a53f5AB5EdaE03199d525fd0ac89,1
0xc6633701dBF2cF81646070A04Aa16dB078e93FD0,1
0xC62F4D4935AF791311E481c8cF6083e7b935058C,1
0xC623c9935913F15Ad579eabd911E358f2653D69a,1
0xC608F703e6a88e858104B24E6Be99ab7EF7ba8d0,1
0xC5F84853A91A2085DCA7Ce923b6B559273BCa813,1
0xC5867A1Eba95eC497e4001DA7AeDF7ee25719EFB,1
0xc58647A06402A9956b649507c59683d6988E6BCe,1
0xC561cC3a50F251Aa409761C772A209cd542BeBA4,1
0xc5445c4f9744CAc1A819F2C5596BCCe91C84DD74,1
0xC404Dc31Caf6aAca76ec2C441a19F1fEAf553e40,1
0xC3F886dF6064a4504061CA74A27da274AA14Ad33,1
0xC3F01f6e61C0CedBa21b6E22Ea5A005E7b5ECE03,1
0xc3BA7C7B3171473D931e353eB034f72943167CB1,1
0xC3B9194F879C370041967c67C19AC9eEC9aF739D,1
0xc35613C17dAdaA5559B79007473E16eC8b4708BD,1
0xC338AbE58A29585d220fDb6216a2f07d3382194F,1
0xC30EC0BDAA07e2814C9C98620497752DdC5073Dd,1
0xC30e6905e260b1c4126B080cc445F67de2b52717,1
0xc30BFEf602FCC940Bcb102aBA91A60FB952922fd,1
0xC3057B4F07e20CAaeF063075D05344C9a9E0452e,1
0xC2eCBaD563eD79af01b0fb8FF36e34543D134EE8,1
0xC2dB9ADD12BdD367C00A68C91fc4ed2a324Eb3F3,1
0xc255DC567FFf6921fC0103093978936A67D4E6a3,1
0xc22b9AAc77d506B20a7E7d6885Afc6D26474f1Df,1
0xC1dBddD0f2976af78C46be8Af40191e284E91DF3,1
0xC1cEd7DA513f7A2e978E399B486A7f9d57986FE4,1
0xC1AbEf3Db6820CffBcc4fF17BAC0e9222263Af42,1
0xC1981D3c7f0dA77c42BfCa91CDd995E44b8150cA,1
0xC12c3D277CeFa8591F46e0813eD9AB8A88A0D169,1
0xC125f610614d6CEAf688A9A0ab2bbeC0A83b0BE7,1
0xC0b2F13dB10D5BC2C332977565D3F9666c85b917,1
0xc05BfcA4Ba08a70d6fdEcCC8C8d8a475A434fe9e,1
0xc05b6d1CfdbC246926b6f2CD19fDB18e450e07d9,1
0xC0553A677edCFEA471Ef01c9664Dc5865a469883,1
0xC04Ca1e8B78fFc895c9B4dC4705c0334B1135Ad9,1
0xc03Cb072509E1F450c0f47C5fCeEcE584462a01C,1
0xC0213C39fc61F2Ac6ff244c614E028d1bB1700F8,1
0xC020b5955b7ffEb9aCeC61599592f50EbFCFDaa7,1
0xC006aE6f1e68cf128E63e353732998DABd81C0e5,1
0xBFec04BE4Ad8C51fE351E41d31CddAEa968f52F2,1
0xBFE5b2A3846dBFa3dA11aC2EEb108F3685725B56,1
0xBF809CF0ABefeb471045299a005E5905a86367C2,1
0xbF5699f05a5263cF40FA29927D630E8aC1A2a257,1
0xBF1B1D11CBF750b10E0587e83c1c336b196FAfC2,1
0xBf185C104196BEBb0F154B45Dc4A2B2d4E7F8753,1
0xbF110beC0ad59Ce25faaD8AeA4E2671422996e31,1
0xBeeB32e8e57D4E9E726960Da3F6174EB1C96AB31,1
0xbEe518cc0bfEa2437CB6fDA477001093a6Ef3642,1
0xbEd8123B7d1c48BEBd4152c588d64ed45DF2807d,1
0xbecF6C00E5CDd516eB4213E8744dbA559e988B38,1
0xBe62aCC621E5aE6aBCa19Ce975e0AD3a8E8d4581,1
0xbe1999EB32E74b6371AeDeFDDDEd9bCFc598D132,1
0xBe196E3a9999bD37C6501ae3691fdF892B707e5d,1
0xbe047A44b865854A8E7b108e1bb1b51DEA20C796,1
0xbDd677D469dc4A7b7679184F71Be3DEf6513Aca3,1
0xbDA710801342531aDb023df62D6eCCdcEe893d5A,1
0xBda3bC062BebcB15de82e0575E092460982770c7,1
0xBD7E9d48169Dee88F2Ed991f343F41E13a188ec2,1
0xBD7D78d22A3a2a7F679F40C126b297d8b6ed63dd,1
0xbD5A2d4F2f4fd59c26f5D2b6315992E15349819e,1
0xBd2c5E96Bf236B1feE57e71b38A9c69731e21ef7,1
0xbd1Ec94670E3670D12d82D77ca7F8437f0353cE7,1
0xbD0F43868181d1C399FC7405fbc46725b2F7ab17,1
0xBcA589EEE75761CbE808F9663Ec62C1eD474BDE5,1
0xBC73db1Fd4C36dF85B86b437c5a1F5F1C2336742,1
0xBc525c94D5EDD2AbA3D5fbf64B5039e795b8d00F,1
0xBC32be4d2c70239b59435A5963e5024637FA193E,1
0xBC2E26deD32A96911B65EE2283a1E30F077BbC59,1
0xbC1290D0419beEE30F0dA70235076195A21694AE,1
0xBBFd9988eA52EE8C88f7BA28d1db827e73955ae8,1
0xBbf1ff8c350717F99C91Ad5F3B28DCE81f72b406,1
0xbbE3F35A9A8BfdB317Fb7373b1A2e4859E292535,1
0xBbE3bA5846d5fEC09CF0F9096e0bc35decaaF134,1
0xBbc4333aE20E1A3460B770a8a229cFE572909F3A,1
0xBbC1ad3289b0129151B2792826B38f015C661F0F,1
0xbB9AD3062c536c70217A3933Af33987730C52602,1
0xbb86d5181780EBF2dfb9fEc6a57b675155523527,1
0xbB63203FA253B667F1d8D591954F5a14ba5613E2,1
0xBB61670dCfF8125C70c93d0235b52683A2936A6D,1
0xBB26c95F90fecEe084049dE648cE54F2Da01076B,1
0xBB1e3eaE91de4353Ad165527F18C832b76F6Bdc6,1
0xbB198251D5F81BD40673a1F17497d0bb44dad5EA,1
0xBB12CDC2d33cd76BAf657368F4DA59bFA28246FD,1
0xBb10345C0e95D2CF5C6DCC8c2420F7B1905158B3,1
0xbaC9E9A7107480F32B16a0547cE37205E1880700,1
0xba8765802198e5c19F2BA8fe9b0dA2B225927AAf,1
0xbA60f3a3e8753E2Fe49A4Eb0D9F4767b349307e1,1
0xBa351939d13425BB8b3D0c436a35bB42511b67d8,1
0xbA34fbF9764A9f9b490471789FC1cb5b18b0CAF8,1
0xBA1B3F376ce3fE4CB8CceB77AabC14d8D43244e9,1
0xBa10d1C045Fca9470AC81755062A97df524C2569,1
0xb9AAd7fb7D0854a4bD55Cca2c8c606fDA499f7B9,1
0xb98813a1469cE6528393b04C1f32aF4E58F92803,1
0xb95963833048892D6E3193D0e20D48Beea892fF2,1
0xb94356Aa75Ffbe2034959bb2AF1E502E235e3Ec1,1
0xb93F80AB5c2E98cae097eDD96Ab8bD120F138813,1
0xB93D1F5352Ce538C1D13F9deB08C67d2cF1A4c53,1
0xB92a8d700b990ff8CCF5452394474E09E46E62E7,1
0xB92682a13bbF8584f7521cA58c5f46eff3c9b6cA,1
0xB90CF78Ef060E2Fe31fC95Aa46084042b95c6db1,1
0xb8dFc637f13a27d980d5B1317c9BB7755Acb3e6a,1
0xb87F1E64e409EDCC1a08189522c91161De19FaC0,1
0xB87c131E46Fb1560b33dF2564a8E26A901cA8355,1
0xb873312EEa2b9F07e73f3dF5f628cF4e01026632,1
0xb85114287196183BE3bE968b8b2F0AfFcfF0DEB7,1
0xB830B2FD1518B04310D264704A4e46f9E083B41e,1
0xb7f9d7f207A1f0B04aCdD40DD162BFDD9b442788,1
0xb7B41BA75A5Ad147e81F50fDEcE9236445803dc6,1
0xB7b261213503658a2E9bfFde3807aa2bA0c53a9E,1
0xB77e4e0a883C21da0494d465F034ae23724bef4f,1
0xb735938B2BAaCd62Bb4d1dc1f54e83b81E8ADC7B,1
0xb727Cdaf7C727bE131834C6a3c41587EffFe25c3,1
0xB6f5D4EA633bE503801360F4d954f2d3E99261e6,1
0xB6Ad41eb0848BFf99de05AA94A46211397c39b5f,1
0xb67ca19DF4d2f7E31Ebf4dc0Ff66Fce80280914c,1
0xB66eD94bfdE5081576d365046453b0d325AB26b8,1
0xB6117B7B57Ede9BB224208F957F94501DF6BbD64,1
0xB5Fd62926dfe53564484366E11C6b6DC63D2ffF7,1
0xb5e731Cc68350fC31D6524AE9e27699A2791b84A,1
0xB5b83c745383Fe079A56171E929cE19A50F2A12d,1
0xb588e947132B9DEC0c30F555212aE6583f476862,1
0xB57FE62d1fC6c08B7984394ADEA7896623682edA,1
0xB57B0713B72CB43a089dce420db9aAfAAa91be8d,1
0xb53656B16A86bb819D4391A2d69110eaf9B0531d,1
0xB51C9Bb09d61286E126A5C3cBf0c6B29d36C44c2,1
0xB51996959312ea25f887314fcF1ee2BEBA0e0E9F,1
0xB515049bDd26C7cb39DBBdAE759B67F02565D0ED,1
0xB50d2F18Cf40EA6B99216e0627b20BC72167c632,1
0xB4Ec5fcf471c66f603E4c990905811fcD915156F,1
0xb4bDBb47FF0115f3bab7c971847A04b78c729F1d,1
0xB4BBa6864f812d04313936911431Ca2CDa9f8e82,1
0xb4aaaa14ebEc184523bD453Fb8511325A5A18C59,1
0xB4a4c0add48618Dd3bf02e27c54833e3e0d17630,1
0xB49c63E552e330A66FF882Ce38406CAC9fF30D36,1
0xb497ab001dD168fcDfe6E840fFB5928db7Eb8f4d,1
0xb450d1620282CfABB96Ca44eFa0fA9AdFd3124a8,1
0xB40EA979DCcb97b7A20E776F614fc47d041892bb,1
0xb407F29d00e0B824BCC28bD2dceCc7dF0664532C,1
0xB3ED291C6dF7299301DE76aC33Ade2F0c1B0E2b8,1
0xB3AB6804483ca39A5e0D5BA83661cE3C23c54622,1
0xB385D3940e5Dd6f021619C70F7223c904A38D0f3,1
0xb384d928B3F4534DC373067432C7faC1cf5D1723,1
0xB359F9E770432339C9b112f9934cea558F8230Ee,1
0xB357610716571d2c8DEFE1f7a0F0d71522A9bCd5,1
0xb3508ED0962fbFED89c2c18111311661eC67330f,1
0xB34de6FAAA8234f7037077Ac2C9dFe7E12Cf1B74,1
0xB3482723B8B515200a8764c5FA2F5721DB2c3244,1
0xB338547c45C81582f29A27533C7634E20F38Fc1d,1
0xB32e1CD467Cd9d0F79B76765Eff0f7531b6141Ef,1
0xB3117A19adf8966D38b0c66E117F37497B86f139,1
0xb300AA30dD33e1Ae849Cb69FA23D6Ddaf90a69BC,1
0xb2E6294F935821C49840a0AcFfC200993b1b6FE9,1
0xb2b9300475aF157676C44eE64d39a5eB3C294DbD,1
0xb273d405fADA9e78515DE239474E45666293ce08,1
0xb216a06a9C2c53E47f2f9F0C45947d171c5A0E4E,1
0xb212E85c263094DCC95FC98f646471440F0fA931,1
0xB1Ff388d5952fdc08C803CdEA07f9B5913602F03,1
0xB1f8Baf8c50D9Ff4d96B5591a2588237Ae90589F,1
0xB1F0b017a8a1CF913056bd813c3e1958045fecA4,1
0xB1EDe5858e676EfAb0a0ee7A2006ac35d7797273,1
0xB1e302B3a3b0DE2173c1A1c2De19d2868B7C446D,1
0xb1567DE93185025FEB660BBe8EAe222bEAc3C1FA,1
0xB12D7A55615E0DFAaFaB7d54bF1d95067451e63B,1
0xb11CA9E79a6aC4777118944Fe8EaC912Fe42A228,1
0xb1028F862F8fa7Cd441aA6e9B5690AD4CbdEd860,1
0xB0f5604099655C7bC3e5Ce44110963edC4ad93D9,1
0xb09A0b8C795df0A74383121279bE6aa1f02E57a3,1
0xB0131f9775be0d4eD66cC475B3C515A7e1F5d26a,1
0xAfFbA45eA61B587b537C3FF956F1AcE53E3ff4dF,1
0xAFE2b51592b89095A4cFb18da2B5914b528f4c01,1
0xAfAEbc58C7b7b50fA32dc7033D0c36A67aFC1E8B,1
0xAf8E00633707e69b614dB781AC2706b7c79Cdf91,1
0xAf72a454d6945532441341E917669462B88c5F08,1
0xaEEAEAd3f1811A229961Cb488fba7484c6923ff8,1
0xAe7B43956A375d3989771852d3951142675584ea,1
0xaE6779A4e97F4503eA14e4f8bD120529388FE463,1
0xAe5c8e205253bD96c164D0406643A3C79ea1C3e5,1
0xAE46Beb1CBcE93037c5Ff9145A71cB35E765c1c0,1
0xAe4676Dc438Fb131a1e207C4F024e833463090c5,1
0xaDfdA5e88D3642219427DC8278029B17a7DF5CE0,1
0xAD8Dc2D9bf4DED1a9537D1045Fd12fb77d939d2E,1
0xAd76cDf159c8039Ea11D85e63f3C6ABe96683ef8,1
0xaD5d1F9e5B07ea8ABD262Ed16aAF21cfa9C8EB18,1
0xAd28156B17e658A4d7b1CBeF01bee22ABc0eBDb1,1
0xAd1329080628D717D8FE440Dba12C364c0CC6C91,1
0xAcff90ECc79fE2775B49F938501b39998802A4a7,1
0xaCE7002aD993bd95B8ce9bBeDaE505250D0a5B18,1
0xAcdA4887aeb846166d798D701A7c62Ba08ec28A1,1
0xACb8c9DfE1B530155BcDE8F18d1808559526Af5F,1
0xAcB4584F1996aE6f76C358C0606B5F791E8131c3,1
0xAca6e37c9A5f388c0c93F15e24566Aa37E52c277,1
0xAC92957E61637B6fc186C7Fa9037873A2904c0C1,1
0xAc7E3EBa90527A610981E204740BDdb81D63aC22,1
0xAC63D7D9C4E112feb40D17a89a7874dB5f4bD2CB,1
0xaC422eB3036e91142A74E2BF5f610A1B76fC090D,1
0xAC3fECe0ecB0d7Cf46e5836e0940432b017A5278,1
0xAC3D1135d92126d409b6006aD595807b4569f9D1,1
0xAc1c2783d64c29CDB79608f5B66a37Fd1ea35dD6,1
0xAbfc07De04D41297569b054EbCBd2795b6156c8B,1
0xAbF5cBf354B338b6a385E8533037fA93A621d554,1
0xABCce04E7BCd87f4616e115Ca9b2638c18F6C89b,1
0xAB926273cafd857758048c675955dA975906cd8A,1
0xAB70588B24203e245bCEE352D050975931b16e20,1
0xaB4556262319aBE89562e380D1d79a48d79136a7,1
0xAAf80F2Da31d224f2d8909b4DfDbF15f1C340BEC,1
0xAadd045f9CDCAF89C2bE5e0381412706B3601215,1
0xaAc19D850C2D2a2687d62459F55c3C25AD0178cD,1
0xAAB4670ed9DdAca6008CD47A8b9f378f7d7d9b3C,1
0xaaB3B31B0eAbD268Fbda416910B230F23a945F2B,1
0xaa8BDB60eE28E7616Bfe4867f58BfE4EDF858271,1
0xAA73C1873fbad2bfBe13c5bC4E4F4C7FA48154A2,1
0xaA638A5426ad0904Cc52E161B4A4832168eb9D40,1
0xA9DAC4E6f534B1Ae2CbE8B5f0C607317E613FD60,1
0xA9DA2173D39Fb834Bbf7c4AE374E96030Db9A7a4,1
0xA9Cb3E58056e9B350C7Ef649A3df0f1cc94EeeE7,1
0xa9C305522abF3B797d21967C5cE2d12A2Cd44c52,1
0xa9811f9f6B8bCA7f9F91f850A98310e63FBB7326,1
0xA96D54d52A47ce588202b43547F16903d11AEC7f,1
0xA956E334DD65bcBF5285ba67C88f31448D2e3d12,1
0xa91E492b00c00B6A05186e85754133d2790ea009,1
0xa8ef1065B278D56C319F4aC388e98231b7523ed7,1
0xa8E55f0a0708B13bd44126B78F27e53E6a09ca62,1
0xA8D8e4384bC50513A6665C81179C271E82343D45,1
0xA8d55E9f1dBd60f7DA1Fd53aD9e3A4D559f8E5C0,1
0xa85bd2bfF15565B9653FdbA9Aedf355d5352dA13,1
0xA83744Ebb1321e21dF821759EF43F80a9df279aA,1
0xa8339E2D9A2F73231e51064d1c35C5b77dd28388,1
0xA81B0eA7525b4D0493DC7Ff75A7C62e1b9A6a4A5,1
0xa7F053d0a4dF46577428B84Fb3A59e98775eE698,1
0xA796F51e382d6a8a8ccf85b3ed16917367E6a790,1
0xA78835349DBCeA1ad9dAba94734fBa941e7d6fc5,1
0xA7407499e80470784c6C1198c91848Cd1CF42286,1
0xa6d06d61efe823F0b273f88c6bF282F7E768f5f7,1
0xA6cAb323B3780965A9B74D594e5D87eC7Ea8F799,1
0xa6942690dc510e083cc0208289890663F11d7c13,1
0xa67A6555D842E73094A41A00ca5E48bA4B328217,1
0xA6583617baB73f18d1Db30a5Aa4EBe4dA4af581B,1
0xA64E579e63Fb327408fC8C034F506832E34b3E40,1
0xa5F24E38227915caA61a35bC9664d8EBa960ccE5,1
0xA5e6914dAC5C5559E78c96e8C9984DcdFF162968,1
0xa5b58d2d78a53716d3Bde3A6a2cE1cf14C31e155,1
0xa54D6FD8143Af647F49D57f98db806376040868a,1
0xA534EEeA097D3Cfabbc155bAdAA7e09aEe07E343,1
0xA4893aA86Bbc451c94dD7EDCffB9f09efe6b0447,1
0xA464f0d92583a3453AFfEce21aBD8bf242c0bBdE,1
0xa42cb879992060C937101Fb9194fb87317Ee759c,1
0xa406A8384F729c9c2C882b64FECA4AcA82C891d4,1
0xA3Bd750b113bdF32F37cAe5a9Ef760E04Aefa6B1,1
0xA36480Aa30B54347E49c905d08979675f9074CcB,1
0xA34a89e0ABAdC57858a3B693fd243267c72A1563,1
0xA33851699bD835BCEd094Fc09a0b042dB25ACe1a,1
0xa323C97D71Aa765f44C9570b4cd1a4Eb79d23A6b,1
0xA308C8B2A5465A59ddC89C69AAd59B397e1EE48b,1
0xa307c3EA01433270cD09a42C2dfA0616e8060C47,1
0xa2e23adb34d89368d5803A42C749714528855750,1
0xA2d9d10aceCE8512a99A3048C88fa274Ba59E2CF,1
0xA2A8FF2AC4f5045aF0cdAB6F8A37Bc0072b13Fa5,1
0xa2A45D50270d68AcFF6375464F56C1c108dc6a8C,1
0xa267a848eAbc5cD41c8E56bA4b58B10fACdAfF1C,1
0xa23B2E1a64111a2Ef8e6Db1eB8a7fd7a66cF7bF5,1
0xA1E8a511A0eEc1BC94e51D656F722234048EA9D1,1
0xa1E84210239baD5571171a8fe304A90E7Ffe5189,1
0xA1D5D2d931b532A0503e97f540f65ed256f374e6,1
0xa1Cd45953095210477ca7f6d7D0Dad4f48688c45,1
0xa1b41fD5e7DEb143EEa066150848b6714e92668a,1
0xA181a3c3460Ad5a2650f380352e3E68111E3D60e,1
0xA149CC21cE11803C8e3D405c71Cd9bB2dC018593,1
0xA0fF771De32b3Fac426e1ff02FAcb0f40EC9C7Ee,1
0xA0efD27acC781549D5b78e89E561AA0903932d56,1
0xa0c7EeBBdAB3a1887C5380f2a4606b8Eb333012E,1
0xA0bEb201FF774e4600622C0316F5E5E4A7433b34,1
0xa096E581472070EBCA6e5D28df4e981eD3d9c5a1,1
0xA069F2204CAB4862c861925AD40b113D158A5E2F,1
0x9Feaf1AA15811449083F17A7A1254099d2001c04,1
0x9fE1381bbf84Af2BD3d1c1EE48EeD57e475f3F30,1
0x9fC440A1185497A988443d5ca151D8E0127995B7,1
0x9F9EBCE72C0715CdbAD4d589986EB22F6782A1CE,1
0x9f8BCE2287A497cA9b9AAdD17d02F66a5E520166,1
0x9f45Fa7845889a3076788e4849b0F5173Cc6a76f,1
0x9E63Ed47AAcE35AB34cAf2EED8Ce00a56eDa9762,1
0x9e55958688a76229e4fd2d58D8987708693C2b47,1
0x9E4e46BB0F2FA8dcC4451Bd4B861e3132F4263Ed,1
0x9Df1d8d06FF207A5b99aDb1910C5cce707416e15,1
0x9Df07693e88929Fad40c491bC95B8a591D634D8A,1
0x9DE651C3918C148eC1E0a4302bB94229C512D3F0,1
0x9DC377624475170C839CDA895B1239a689Ed154D,1
0x9D9AC7ae2e68C589b3D06eFC5B30Eaf961599f02,1
0x9d8c6e3fC4F74f52e00Ec9A07230587B2e012399,1
0x9d7E592C1430FDCA95Ae06B9Ac8621caE31F46A3,1
0x9d7b916b7F354cDAcda9Dc8f08aCC1073AD54051,1
0x9D76Cab6EB4cE9F45688E72C82a83e72904d7D7F,1
0x9d67830773A0B42fb36cA4Bb980B7A8517BB35B0,1
0x9D3714cCEFf1e57D9653158c877dEF1E74bd6f20,1
0x9D2F4c92146cd7ED028a3C515aF2EBc25828A853,1
0x9d0f88F259edC587f0F405252b7C10356F3B5978,1
0x9CB7d050075e219A82Ec2514B569Fdcb46276913,1
0x9C952fc22AD42A56A7399fEB9879b0E696099798,1
0x9C64059AAa988a50C4F940ee6DE9AF029e7603Fd,1
0x9c532267Be26a644512AE127F6b936cA51e92326,1
0x9c3a989a11Ba324DaF9793049a4969024aba1584,1
0x9Bd54CAcC901F0aA03Ff1465d0EbcabE98F4022a,1
0x9B5697a4c360a3F5F5CfC22a4b7bdF8D3D52a4e2,1
0x9b459850fb94Df8b678a1882EAC1e8967290897F,1
0x9b399D329a3CDfB635817eC73d4117Bf3cC27a39,1
0x9b165BC2d288cc0791f369e262dFA494b75C5a51,1
0x9b045830976b783391Ec4495e33498631e4b1Bb7,1
0x9aE3144dfba59c8926081eD579602ee9D4f3225d,1
0x9aC3F604D4A4aca0b156607a7601BDc9EdE28346,1
0x9Ab4e0cC57b3E0445d5Ff34e808D5E68c5F660E3,1
0x9AB1433913C1014e2166B3c7F039D9528B1Fc540,1
0x9A75e4b607Ea0aB30F129Bf8e65Bc86Dc171DF95,1
0x9A74869c1C74992572FA5f4b2e3e88EEDbdb1dDC,1
0x9A608d9F416518b5F11acf3dC5594C90D6998e2c,1
0x9A57691ab35aFD0D2c273d3Ba3d2daa6E8742Db3,1
0x9a4A1982b4c4F59242576063431234829d43f4e2,1
0x9A3C0fd932A60ddDA24E169d8aa53ac9EA12ae66,1
0x9A2baa30A0cC34201F8b9b7cCcb684F13eb9Fd3d,1
0x9A1cA9F181f580C2463Ade82658759E22c5618F6,1
0x9A1B360DDb1Dc65b9cB790138953Ca0d26d9d24B,1
0x9A0d49B89d117C2DB49F1dF6bA554975576E832c,1
0x9A075c0Db6bb6a19c589876697Cb94a64E6764a3,1
0x99Fa48ccEa8a38CDE6B437450fF9bBdDAFAA4Fc8,1
0x99E664F640Af0E30AfCc1de9300d523445686726,1
0x99E4530a9965dcAca8aAD011714CE1446667e4eb,1
0x99ddE68651929c3D856f198B3172EE64cd88B020,1
0x99a015f30EEEb92f3740C7b71615392A52B4e9bA,1
0x994Cf01f34c51426bCB12bD30Ff7079E280E1140,1
0x990255C8adD901b26E177f1Ce8A9ACdeD9Af5cb2,1
0x98ef775d75c1fAFD4a7a6ef358B9f97aa309d91C,1
0x98e0661190aD75A6a3f29b03F92c381346296c75,1
0x98cfDD2C32F2337a3EA8fcFE3F878Ad397da551f,1
0x98cCCB14f49D73aAD99A4E8565FBADb9CC5d8ab4,1
0x98C9AE56ffBaA0090c6f5112EE4316523A1F45ec,1
0x989Cae3d77853E73957fa8bE58A360f3C00fe4E8,1
0x988236e5A0a27c62124D131c2B8De67189532100,1
0x98800040cAdD4fbe89c5b808b9b03344a5aA41DF,1
0x984d48d57ED06E3b660A1611e82e079c71662dD5,1
0x97D7846316efe4581a5A1ef3DE3E88814ba75e25,1
0x97D701C89D14fac4C8421892Eb24454ACa5C7a56,1
0x97CB648B0B30550266Bba37B0345B5Cd5F8f7d92,1
0x97746acad994CE94367D705E9ba51B34C7747860,1
0x975D07636e8cA4d78F77eF86cdbD5F8Cb3923b8E,1
0x9756fb60f5CfAc66cb03F4E7881468567dA91f7B,1
0x97406456f8E924dc7dC32Db96302b6A98c421F2C,1
0x96aab2750460085C921de93e5cFcEec515B8a2d3,1
0x96Aa890cE271A5457a8F4Edc637d7592200Bda72,1
0x969A23121aF3f10b1333f4AbfbDc1615A91529Fd,1
0x96886FB915b845631f491ce74872F01814bd6E57,1
0x95c0fDA2a4A704e87D5F4C7105C28F6f5E83eD2D,1
0x95b49E38b2A3140f5242D57F6Ec34920601aE193,1
0x95a743E8eD13ae1E05f5f37D455eBE986E062750,1
0x9589167DDBE4246c10e1282639710934De44A856,1
0x95861622f2A196952561E8e6125221c516500c8A,1
0x9578ef803c478c6Fa47a8433a44Cb6FeAa23b844,1
0x955B53530FbB3F003B4D8535BF07Ed4bB9716811,1
0x9506fa1eA4D05d40AA1d7087cd83a8c58faeba73,1
0x94d033944B4526Ef8F865282efD0778224b57E6B,1
0x946E746C1C23670f6c57B0868448c37283B0F74F,1
0x93ef7f5C07063Fb0Bbeb198b88AD5Fa84cB10F22,1
0x93e1d5835FFBEF3e0C506C878f811A80347c0C31,1
0x93A106E4657540763f869e537460F9515253E855,1
0x939D65C9B31B7D3DE6BC93a473829A9268706dfd,1
0x9342E2aC6dd4A907948E91E80D2734ecAC1D70eC,1
0x9333c471fb0aBb0A189189933bfC0D1A4584c9f7,1
0x9325d45d61f69B11C104ba37EF71CF717A60Cb71,1
0x932419B2c9Add1E0cCe3A6AB06fBbb728Ae0585d,1
0x93188699E3F406AfA748867269C2F3B362a9ce9E,1
0x92F13D2ea9ba6E0A7bF2CB2950ea18f4d43E3CaA,1
0x92C3B824f08F2fC046D573803f8e170C1A381Dff,1
0x9277427FaeCDb247214F5b8d817E7139688bC860,1
0x920DEc9fF4C0D088aCbd5dA3904505C554078581,1
0x91f82D236F6B88E830864032301B0Ba6145A50FC,1
0x91F684d70ced2D9789b1AA89F996b55EaF05eE8a,1
0x91d0E43af65D61fCE0d5b3e36d6E9B2d9ECA8c16,1
0x91B61a1f188387A54F955FE54aF1d966E10331Dc,1
0x9189f72eD437D8CC776Bed810DA51cD1e4a21E39,1
0x91857e7b0d44cc965156d915a275D3Bc3DB9539B,1
0x914249Db8f1e1903b432E1AF075d35c82560b262,1
0x911C01f00018BF0857Cdd080a1FC4D9A01422241,1
0x911a205528c54d8B0358d4B3b587EE23F9443a73,1
0x90FDfB43565DE146Fc3B48F29F63b467E11764E4,1
0x90ec745B0c0C825539C3Ca9d1e8305A2EF1b76B2,1
0x908b612b887f5f2dbd2F0759947555F6A9000F7c,1
0x908ae90F3D30175eEBc39CCb2fA19a61A212c5C5,1
0x90818979F0C0FF1F768A0c161E2CC868141C6fb7,1
0x907A0E4Fc1D94B6Bcd36a8ca3a27300957B05291,1
0x902651B5f65f1017BA167B4883904107Be076162,1
0x900328c10dBF57Df58F9abA8f3093D650e937D02,1
0x8fe6B7643337404aeb4b3ecAeb47FE3D463bcb77,1
0x8FDCb9234E2411444734Ce20eF9d1C668a4868b6,1
0x8Fc642d66492C830dA43D95da7fE3F027F4F3246,1
0x8FbFB39890510e2785d94fAf14D783163C44B14F,1
0x8F9Fb4b4324F88D4f3beB7908B081FEE9cfc97bc,1
0x8F9cBec35c44d600a54939290fbBaC927bf4Df3F,1
0x8F98f993bBCb1E08fC52f8b5b24f9174F0d26766,1
0x8F862cE117a3FeeBc1DC364e02db35ae125d7f40,1
0x8F791c0592Db171D84167D10Baa70Fd6DD26705C,1
0x8F720B5c815422Dfa8Fd637345cA1E584E3a6a3b,1
0x8f2c0f09F5135312772145a49e633eAc05CFbb93,1
0x8f159fE443fCc096e309750449Fb6046511e35E3,1
0x8F15571A701525FB4cFB05ecB9Fd0DeE1BbD2d25,1
0x8ec66726D868Aa14E83985F592E11f36a32F536B,1
0x8EBA67E7717b7F9911b9e318051f2162BF9AC33c,1
0x8e78C407c7aD94B6A79A24aA4E50676ea307A5bA,1
0x8e5729E8A3AFf49FcF5Fc889D0943d38e3691070,1
0x8e4Bb131988A824A90C62A347D16c20317d34EF8,1
0x8E2117ca8DEF42d993f19F0da659939375C201f1,1
0x8DF531Bbe86e3aE4Bb107690B7e09478661Ecff7,1
0x8db9c169273a4630648B42F0823b0f9DC480eFA4,1
0x8dafc11Be620d183DFf019bde98d8b96db395cF5,1
0x8dA0a4579E539847F1C8325bfaD286CE40c567cd,1
0x8D90A4fE233C2e5F59eE8180ac497A6c1749D0F7,1
0x8d834919956aF4f696F729bdCAba61c9F16529F5,1
0x8D183356BB5dd08F48Beb4eEC007560C7275d67D,1
0x8D17851c043dd69EE8ba1e68fB8300B80e8E7Bb4,1
0x8cE6Cf23c18202Fbb9b1206B596Ed58DaE30cb13,1
0x8Cdab9E2C25529C4dE1f973f50E10bAa84542b85,1
0x8cce8eeF33e74EA5E52d8c3D2Af3376fb55dA34f,1
0x8Cb55fceDc8264a0431F3B954560ebDDa86fEBD4,1
0x8cB327150a0f34A0B904BaD5e5A77499D7535bf2,1
0x8ca1Cd24Bd7A2386f523C36832D25E468072101a,1
0x8C9a169f0A4E3daA2E8d885F1F170dda11DB771B,1
0x8C9422d475955723F62a7Cc022dCfF3da45D7478,1
0x8c6fDBca2070590D7f2cE5b2c1ED1C305D968E5D,1
0x8C028733939E37a19F5CeaF26670bFADc68D34a8,1
0x8BE3521dcEf6C4eb4b8fa537a4Bd84Af7a4bA5d4,1
0x8bd73C2842908bFeF70aAf32C2BECea6a07E5756,1
0x8BAc8CA13072fFFF6Ae3ee2ADF09737Dcc1e83A1,1
0x8B9DE4fcA99D4C95C909A225945497B18C49cD16,1
0x8b91FC90B38F0592460d34F5738f8cC3fE7d5708,1
0x8B6F05dF3cF4384F4B5aF4d595f41bC8c25EDf3f,1
0x8B530f3999091435b8C18bBc3c6cA3bC35647453,1
0x8b50a91451Ec3954e0fa1b2aBdeFFbFC3aB21A89,1
0x8Ade80E9c115E28aB0F6277a650BC69A9b3B232F,1
0x8AA7964E556ac724E920483423928f8e63Ded4B1,1
0x8a6bA017B9e03063258775B0e9367B87Bcb5FD12,1
0x8A34Ecf39A9b129eA01BA351B9b350cbbe06f434,1
0x8A29D4e52A23C69ECc705bce3CCA0d2B42FaA23C,1
0x89B7B72b4a602B13D9c140F4547dB7b4e0AdCC99,1
0x893327ef6aF0b39665B649ae36f37e1142a19a01,1
0x89249F352EdD0b4e45E7e90f1CAD69460F27bD55,1
0x892057A0F18147C8983877bC886D9386E5a831f7,1
0x8902BD6D4964ea84B7925295A23619429167381F,1
0x88dAfd252a47b91CBbf1a43F7AAE449076c06328,1
0x88CA0A0fB6581dC688Be303B0320489d045C5872,1
0x88c846e8C51271390822aaD661F9fB33d9229783,1
0x88c3cDf79F47Ab7Af8eFCB081771487fF13bF029,1
0x88636AB40A140E585E50842BD582cf0AcebAa20D,1
0x884eFF4a9ae6A5b6A4D5ffb8658D69079Bd10e86,1
0x8823fE3cfe60b19d69146AF848dfe0A1612352f9,1
0x87e48F7561Df1836269bd718f1187dD48DacEf4f,1
0x87E226fefF949A36F66C2a1E6445A6E7d0778269,1
0x87Df0a4025e2a7cAd1a2b9dE8eA30a634e5e4b0a,1
0x87d6C2dF524FAe119815F97d29a5E5edD2586e85,1
0x87C48f44EB53e8E7A1320Cd5CaFe4f903CFfED67,1
0x87b7086009fca5c905F0df66b62aFF15af7DDFF0,1
0x879976D32e51CDa4D8BaC5AED9c19A780EDb4b2e,1
0x874ea272D3C15b2feda25Ed443a0e2e7C5a2153f,1
0x873D67CD89824941fF59A752f0c13a84255e3E66,1
0x8715dF83Cbeb900fb442d757B9787b3A093B1326,1
0x870485C276157aEE5660Fcb67585c34d2Ed3B506,1
0x87001fE0924B20441d3131631Cf0278d35862906,1
0x86D7933192B1fAccb62dB1e893dfe25D1e2104A7,1
0x86CF7A9d914AB0b6Bb8B570353FB2af1eE69aAe1,1
0x86cD09ae3b34A79bfD7bAB43C4Eabb68BEBc396f,1
0x86c16F44BC75851a9E2E16e28366aDD78169fEA9,1
0x867Dac81D532B711b2b17b64A4df3d7f87753daA,1
0x866F98E4d2B0742110cd674214767140477BB342,1
0x860a9995CC054CbAB9590fEc91e36Bc1801B7767,1
0x86059AB6da52FA2EEB3162Bd20D6C1Dd370690bB,1
0x85Fc3cf45e3D643c2812EC21755E8622C7640063,1
0x859B0DFE539A95f5Bf9ec48fF239e998c894984B,1
0x8592549C337e46D8efA3F205274203685c8D3989,1
0x858257cE4CD4fC1448d61036970107865ead6D2F,1
0x856d66fbe98DfE4D3B8cE736da607Ade1f3CDDc5,1
0x856cA9127b21618E359579D68B4318dD9D31cB19,1
0x8569bd2c1fC82512d6C246Af39225c18acE195B9,1
0x854C5c62F52af47A78Da8aC371677418DfDb6135,1
0x854759239C4B9d1803718F39Ca9b40860d78Cb76,1
0x84F3D912F78E60aDA001d313f73C08EC17A00637,1
0x84f2466d8F4dbf3Ba8B14dD8376E128CFddA7E73,1
0x84cE22f33E099ED8858Ff40862436FB58e4178F2,1
0x84C5F75fde9219897AF4291Df44e050FE51c4819,1
0x84B81987f6CA3Cde2A50dAca42a58A132099C731,1
0x847f51c9Dd30dbDc5D973b398D381Aa3d2Aa4063,1
0x846BeF8D0FbE98f7C74a0Ad53f8DEcC8c10d40D0,1
0x8444e01D2dcEcB25692Ca5bD2fA06eF08fC072F6,1
0x843c1D500feCAbb3Ea4d766EA0C1641316553fC5,1
0x8425D4838e83F2cEd36A0c44b71A7Eb46a1b0b33,1
0x840230A50217edB160C8df67699EAa02d33cdA23,1
0x83e24A61453BE16FD4fb8f3C33f63E7cdB7abC80,1
0x83D8a7dE44Dd4CDe7bDa4110Ef42f74a7ec23b81,1
0x83bbe9CFCc205bb8E53cBa0b51d6db9386CE58B5,1
0x8395F470DE6Db45e193C428A34286112C4eAB81D,1
0x839084719E2E507BAdAA2725e5b6036a71D38d78,1
0x838D06379dA893E52f4e671D35D694093a442D72,1
0x8346Ac89e4B3297F014050dFe8baf87bF7567e63,1
0x8346867972983eca1b7ceb5D3A60Bb18f23A9601,1
0x830F4c15480AA516a0Cc4826902443936f9596cF,1
0x830467918947C98A47381c3F171A91B475596F2F,1
0x82f35049642a9C4D6652992f4f9a41E069FE0962,1
0x82Daa903905394a6F55e598b3180a9f3bD7069B2,1
0x82D67B868Fd94cC948BDb24bE7373B052876D8ed,1
0x827ed106dA24ca8a8aA16BFe78f5e89b171f4062,1
0x823fD1Be32F482cC70B61c21c4D6a7CB92C4E168,1
0x821221842fD8c25f124165DF51a684A1C433f36E,1
0x8205E83E3eCda4d72Fed34AD9D7bC989d9B91085,1
0x81F10d99464d604EA1E9242DC71733a506E95b4e,1
0x81e8ea69a0cC65c72c8Edb2Ad4bd48594723DbAa,1
0x81e60E3e0EbB7d642F76Ca7805aA41e608304119,1
0x81e0d167c507D0fA487B6c8E2a625C4c7F69355C,1
0x81cF8aed4CD8eAD1a80cFf195f0162BE5b43BcC5,1
0x81C1B857CC9Dea20216065a83E04F43BE7F262cB,1
0x8163CFe5DC895cECdb7Beb9786C87AfA8b76D876,1
0x810e549aecCB3deca06adf3569312183d8Ec0401,1
0x80dd39eb6B3bbbBfcCF5717b0A9708bc2809288b,1
0x80D529678aF8FAc77df2db810795f7e143bd89A6,1
0x80bB916913Ab907b40dB9ec9891aF7a8fedeBD60,1
0x80BaA1dDc18E9CF7D5979CAb59AB4fd4f9D1c664,1
0x809e299f6D3db0627b351Fc1421607807eA18Ca2,1
0x8068BD398396B060d820745FDE9C545a38bb776d,1
0x8062431f27B9E4F4651d455955fcAadD8433839c,1
0x8027f46619bD1626d945FAA46Ce52d9DECB93d70,1
0x8008C76d9d9484b6Af5d53B7426b1c84A63dbfE4,1
0x7fdfEb80A18BC30604090DeFB5Bb53206e7E2c4a,1
0x7fA1dA4C8Bd01566f3A6a8519378721e4F512719,1
0x7F8fb7cc678a15EAEb78283a87276bAD8916EA60,1
0x7f848122152AaA1CfA50eB0E3f97c1aF6cb74E99,1
0x7F7835Dfe1f050f48597380551d5d2eF792d50Bf,1
0x7f5f9C5771847C499dF3BEb15697fB96eB53AE8A,1
0x7f4AcA24A93B89859660B104e08Ab3943569577a,1
0x7F04819C4a956436dbd0a10A8F980bc4E0b5138e,1
0x7F008F240833836e1b6A7fb9358F66c369E8E4A1,1
0x7EF5505bF5eC2466f1b4221e2247909E9F947fF0,1
0x7eef6f6aFfb8d30dBfC332e9f3065B27aE80D5e1,1
0x7EC2F0c6256079b8B456621b7CcC52454d3E4931,1
0x7e8c960Baba244751c382CaFFF0933af033F950E,1
0x7e6eb2123463ca93BD0EF64bbcDde8dB16d77c42,1
0x7E67C509bC0132B0c82A2dd589089eb0A0Db6941,1
0x7E52082fd8ca9025E7E2C4Da3fc7C4FeF9Fd9706,1
0x7E51D494851712bCe93F594466B58974e392297D,1
0x7e1B9a73A1dEAA3fdFAf80a3C3A545936d79Eda5,1
0x7E0E4552d4eD7F4b8Ba95D98F858A0E356220c0B,1
0x7e05389332c929778C8807DDb3b896190DA36d7E,1
0x7E05382A7463bffD77fd09B44Ed261Dd72D74AA1,1
0x7dF1319C2870650ac652d50Ed38D26d9783cb510,1
0x7dC3E945238fdB44936eEbe654422A83bdf5D9fF,1
0x7d17c6f00da9Dfc198BEfF58744971543c4b365B,1
0x7D0E096c7cC8294c6ff344313565d1363F58B136,1
0x7Cfe310b31C71C45a8141326Cb73F7e248a42bd1,1
0x7cA330634bFe5668176b69840e39F47AE4f1d0a4,1
0x7c9dd0488B0bFB50913eD2594734E1BBb5861d0A,1
0x7c84fB99421f76cC2467f51091c1147096359e36,1
0x7C7C805cA81fE6129a9F5Cad520Ec5F2c8D60d46,1
0x7c45FB10a18f834a47cc3F470E97140A399B6AF8,1
0x7C344893a7e118308C49a82095dBd703A3E6Adcb,1
0x7C1EF124eA6b78FB6E0b82DF2f32Fdd2208f8636,1
0x7c16fDe2C7573956B5a37F44e9C375666c9d1Fe1,1
0x7c0CCeD07503bBd218563ad5fC311a91D0D91614,1
0x7bc92c012Ce5494ED9813Df4194416F3E5ec0581,1
0x7B968dD081e6d11b850C9f841337A77a13B10E66,1
0x7B8f0B8E09ca522Ad3418fb89B9176f1bc74644c,1
0x7B60da340Da8350cB2525779E62E1Bc9B726002d,1
0x7b22DA4c72EE616b3D789191861022ad5737E09d,1
0x7aDA3Cd534DF8Dc4121c770555B56CA8E528619e,1
0x7aC9C9135de57041095103d2aA8B5Be31B9aa415,1
0x7a9E170bcbdd68029dd3a0B391ED9AC52251405b,1
0x7A9208a793C538f3c131B06847f7Fe1c8854f4d0,1
0x7A899a88A91de86c95626cD8ea4FaCe78bD5F3c0,1
0x79Cc3b429bb38E55B0612046182DAc5010a04Dbf,1
0x79cbEd42d632D00A0E990EE4859Ac4B3C70E68Bc,1
0x79cb30BbFE89ccaAF334540A6Be48fC0483fD944,1
0x79C39C34BbE7C31f8dC0c9e60F307f32499176c6,1
0x79Bdda65C706CBdA69C0AD4C8da1d3e91724f48D,1
0x79BaF32e40721B7cac64EB631E7a854BCE8d1a80,1
0x793625d47087D55f1F1F29eb94d589C199A1D128,1
0x7910788C99EFa33BD3d37A245061588AA32f3Ee6,1
0x78fF592ac5DEC59cB7008a6AEed9F19C135d874c,1
0x78e09Dc6496C698c95fFE59E47c7D353439d41f8,1
0x78dbA641814Cc43a2803a4CCEf4f0aCC369Bb9eF,1
0x78ca7BaBAB67436F2aF344B704920607F992aD81,1
0x78c53F27304886592Fc8743131604Ec03f6C5639,1
0x78C00b4071022fcdEe732E4d5f72c02254c763D5,1
0x78b56c42AA3639344F47664E0D109131fA8e23F6,1
0x7885cA44e57Ad94782538bb151A9daF7e89Fe11F,1
0x78508554d0Fb1653E40bFE858d260659370708A2,1
0x783Cd3C10D867E17785e18aE4b3925A1c22b1Dd8,1
0x783239Fe8A45A75DC240c3Fa01134b072f03d763,1
0x78305df1d6787Bb72fb7cBa34514fAE989cA7dE9,1
0x7822e17509A2B302C8483F38F6F69967c36bB656,1
0x76ec5398eB3B08F2B22b887b82578ec64fb7fcB0,1
0x767d76D5838b71F06456b70b4B2eB34EaD169A6d,1
0x767A13679B96272246Fa6600653f6b4e747faD3D,1
0x76501cde78432b6815d99153E1Fd4Db1B77a805E,1
0x763607D0276044b8Fd5F62713a1923593cb9E0B2,1
0x75E70040aA225ba61fd5DF41AdD5AD716A85aa96,1
0x75aceb637a0bDDc64170CC1405c236baB706060f,1
0x7525d6C58860ADE364A17F5A1A08B2d0C71cD3AF,1
0x74e97A40f5d0058690CB389426F97348c6FD036b,1
0x74a960279Bbd5A08De44B5473bCfF85e4cA829a1,1
0x7489883C3e9d073C96C590FaBD15bCBFD10b7F86,1
0x7471a82F729075aF5a197a10187f876C151c1858,1
0x7444b9cA731C287750348c6010CC04bA8C90112d,1
0x743eaA73Bc2641DD10E7B0c994A9Ac41DbA07aa5,1
0x7425Fe6C1fB08f69bd71B6E65D0E29b2E3480DA5,1
0x7422994BC525276fAbbcc8a5Ca8386883116E246,1
0x73849dd5790F29bdAC8502760602e4360bB6bC1e,1
0x7381888E439b914c506270457b7D8D80Cc62E3A2,1
0x73760C4F0E8266Df0F75B7f697F4149956720d38,1
0x7352489e7e325000CD0ADd55F2C7071c3C324EA3,1
0x732773258E9Af476C28D4c010640Bf93D9BC818e,1
0x731078E8a243cA563CAf4b5749736df3De2f1eB2,1
0x72Edd09Bb3108701eF55A61F6F009efB85A9C2f4,1
0x72e69c488C2739b8D103B911318d9cdF290951F8,1
0x72D1B9513C3fDeE6956934c7096dccf25AE9B804,1
0x727fdA504a77db9DD89D2e3765EDd2852aaAbEfC,1
0x727A4841B9c08Ec2F4b2F6D6bc8108b8A77e86EF,1
0x72524d77eAfa28cbD459DC3689f4c30357fcaA2C,1
0x7241C18533ACF5F786c5A0b5f9c2C370620c5c6f,1
0x72238C401F938a066517973B04C08D7285D21065,1
0x7213c705C84e5d9e30d6cFb081faE1Fc3DdA3Af4,1
0x72099133F9310C47b3543d6a9c3fef25Dd7C71e3,1
0x71f2e5890DBF06AC616a5C8acFC455Be73b07672,1
0x71DB4AcB731236BA67482bEE3268a80b9CFf2943,1
0x71a7438C4aDfd5d944e45B25b4D6375DBee333F5,1
0x71a3Fd612CDbEAf177B52B2eb792173E3d25616b,1
0x7177Ba16C5d5928210Ed9eead2905A8682105BE3,1
0x7173cF57faDC23Bc57911100aaD1A5e0152A0038,1
0x7164902229153b4973F63748c7dcAb38A259167b,1
0x7117a03c9e51575348B3Fd6708f1d70970332e59,1
0x711346398399BdbcC4C512363C229c4f97feFa92,1
0x70F57aAa51Cc33B7649f3f7c3E15b62137e277C1,1
0x70B3Eb071B028C6EB95EF9643a6ecD3eAa823A10,1
0x70ad955d5F34991E81Dad7Ce2bBE418F8D5EDC07,1
0x708621feA6a3e127f775886f4fcC5A7EDC6cc736,1
0x7081b27bB5505d8b21BCD9131d07D3924e9F961d,1
0x7067C50819a3b952239C64159523e7Bb4B19acB7,1
0x7042459fe6BF7F3072e8c03f4c7b7E1B440886A8,1
0x703cF6401d04A06378C6F59dbd9117203Ba9892D,1
0x6FEB029f27Bd4eBe4eD32Fa96cbf1527cdd178BB,1
0x6F7FACE8CB86e95B1A4216719d4CcC91cb9aE887,1
0x6f7C6691f9387C4e7e05291945ab352CED0Dbdd2,1
0x6F53d4183F33fCA5eAADc7EaAf05c158af604a42,1
0x6efEb9e198B03852e556a6eCb1783C6Ce2cB9483,1
0x6eEbC73611A0EbDe63fbbc193ECe7b2248a07221,1
0x6Ebb8eACBB89b4A04b354c247Aa4F40c655655Ae,1
0x6E9D815b00cb9e7789eF1c027cA45259A9B50aa2,1
0x6e4d867B0b9DA23D0b15e28D1DdC8f382e9e3a5b,1
0x6e432261013a87dAad15648b9590c5c24f4B68b3,1
0x6E3915a1bf844c3C06a17156C4D7Be1Dc0B788Fa,1
0x6e101a50Da0cEb415f86978973A58F33deDd796C,1
0x6dfC0582e10b41BE0F5364391f9255BC43421bE6,1
0x6dECC711AaFC76A07b55b179DA29B3687318C737,1
0x6DDc3eaf80D67ABaF17d72CcFF71E06f958Cbf67,1
0x6DCaB61FC86174c5F4969aaf112aa065827E607F,1
0x6d9EB6c99445AC37411765Be615BA4C6d63D7000,1
0x6D81FBdba7Cc3AFB7926F80C734965746b297668,1
0x6D2B9f95e5f8b48C50fA7cEd10bcA1eC7FF82cbB,1
0x6cfbA969A424baC0f18d1CA674f34B8B2907bb5f,1
0x6CFa99B2352163D70bd52de24CdBf553374B9335,1
0x6cf3C0bB276292ebd829FfAc229fE350821eAac6,1
0x6Cc4c4D39D8F585913963fB0C906d0bAAf5BF6d5,1
0x6cb13a339b4D46Cd2a88E1E6093FED014829105E,1
0x6C9888747D15aFEb3794c7c6d4cEB0B049E497B9,1
0x6C75881D661f2d0d160011BDC967263C02D18357,1
0x6c6d376D69ba2Dbd3B6dA7dFe227774511c3f007,1
0x6C313c7189c7A8E56964d198bd8a5B67f5C97cC8,1
0x6C19f5d1e8cae3dC31e5B6838aae33FB9d2a242e,1
0x6BF7550BF182b8428e2cf4fC640ED884FF8C7a57,1
0x6Bf72D183894de3BD5ebaF7B5983D7C778c82299,1
0x6Bf6c46ba7f8536Ac1B31757E4b3d82CEf1584cB,1
0x6b93fd74725EB032C06665e1A1722057E5fCf56c,1
0x6b4e0ed1A79134D46880E8bF198B22f6091aa164,1
0x6B4A9A6797df6cB0a8f4C740584b506A1d59AED5,1
0x6Ae23eA4BB3EC33e00FDCadD109e90a3c8c6aE22,1
0x6aB8a95DD281b10bB7a8c5a40E88A4F253fA8690,1
0x6AB0646a7A55Fb569E4DA6b9305d9061ac4027e1,1
0x6AA69BABFe33781205431D7A47d41A6125190Bd1,1
0x6a9fc33426A7BF7acC1fc39827Be75359CE80293,1
0x6a852279E5076d16bDDfF0A6Ac6f01752142ffD4,1
0x69f36719F21bF0EE4150E0Ce401B10718bE85Ad8,1
0x69BF5c057d07b4A175D96a03eD3Eb2f812785800,1
0x698a573308bEB0d24c54b85033e7206506CfC796,1
0x694Aa37E17dC63C253da167927E841B9E8f2134b,1
0x6936cC35B1d39cb4E41Afb9284b8502e68B25942,1
0x692c3000233B200dDD4ca88BEC69D36D1B41bd0D,1
0x691e9Ea14E0D4FA0B227715Ba0a4a681ee64B9AB,1
0x691c295BF5d79c203451bb7F49Af01db563cED83,1
0x69196C64C4573E46A4010024f84270DBFC976cE6,1
0x69125BA04e4513e2E62f9d25dA8BB0ec283d2d4C,1
0x690776c75Ac745ef4253aAC85e5fAd1dBedA8a0d,1
0x68B2304eD6ABE053Bed9467Dd03691f028424696,1
0x689dFa80839F029a6e8ba6eeCAc87156861e0ae8,1
0x685c99E8780e5a7f158617cC2E9acc0e45a66120,1
0x682CC91DDEDdaa9f81cA905cf7814DEB96b1DBcF,1
0x68292357E9b0B35E08861CcDb53290BDB92999C5,1
0x67f42f7FFDeB971C094549cDEf3D1A97c25Bfa7d,1
0x67Da918BeC73Bfe665a56FA22C3d095f290006a1,1
0x67d67ea0C8355fE181f1E5799A5aD9601f5EC3d5,1
0x67c05Ea8a0e08857048e08c325218975caF245F7,1
0x67B87C5Eb551F9BEb2B9d29AF28cf22BFCB43952,1
0x67AfB10c05112FDecb9A0AF2a5C4E4495A7E1Ac0,1
0x67adfab056EDc1a03602139b8AC36a06fC62F1Bb,1
0x6793f0cD720Be7bA0163A96D3DE6FfF3e8598bAd,1
0x6783dF04e1312ef4839b391F1A14268f7B2319FA,1
0x6762E837E583D3b80Fd59080d151b59eF3dFFe09,1
0x674513E5e77Cdf3391f482b07CC4b192E2274dFd,1
0x66eCb21b78fC725e10aE255481B52dc15191d0df,1
0x66D66013F397E72ec7C5Be63DAb566958f37e811,1
0x66CE476Bb662E7E5a07bC83427B9423Ee085c33D,1
0x66Af85Ff38830187B65956b8D1A68646c1A299AE,1
0x669EDf298f77da72CD5596B81daC32DB2853421d,1
0x668540812466219A4cf9EF22151bB7E513010f17,1
0x6675F935cf1a06e6Ed123759B82643359011BA24,1
0x665f44E3c2d7A9D6370E2C682A7D2E88047147Ea,1
0x65F0002a69E9ab594Af89A85cCB8f706Fd08B371,1
0x65EE472fa8a76555A1CB72510E3d1dA5F1662214,1
0x65D11f0233120614af050E1C8D7aa68c0aAc92f9,1
0x65BFb8469DB38B043BdE25e6695B387E3Ac17a4A,1
0x65a7Ed1A6b5aAD68BE8866b1AF2399250f356572,1
0x658f5f02C1A47312Fe7AF25b0f4B90f3A0C42590,1
0x655bbE3c9fd7011965a8E320373153A6De49190A,1
0x6549F54445d0f14d608EA916028520E3Bf09C953,1
0x65433d219ED25fF9E5C721d31b473982C2F6E747,1
0x65223b270E189c8B03De207a713a0785A23119e8,1
0x65151A6343b16c38286f31fcC93e20246629cF8c,1
0x651450E1bd566E94532aaB1C2f3fDCd59BeD7917,1
0x650f6E0E9Dd0f8070d58176C7aE34A84F433fF32,1
0x64fAfD104f1253f519291e679794471055cC855B,1
0x64f8e38e19c1B6992969Dcd5769c149951018Af1,1
0x64AB6907a092Dd80Ea719c5685067d3311789eb8,1
0x645ddDcf657545795D473290Aa2035aD2daaF177,1
0x6446aD9821021Eeb9f85B8a18B0153d58166d161,1
0x6444ff55Bd56AEf040F74c4F43DC3189195163B0,1
0x63eebA70536D2D0778C66aBFa854e2023E9aC24e,1
0x63dC9ce8413b7c30A9DD25dC21B48f255E036DC2,1
0x63B29F9aaf57db71994A24F1D1962249443057Fd,1
0x63Acc50099A5feAfdb565Ca630144a3DA9eeDB55,1
0x63845Cd4d1a20c83DEe09BB6e0b66d421C84020C,1
0x6370431c72F733d7074b632507e3D4A1733CfD87,1
0x636cCdD38DfBFDf18eFA63C72ecCC5dA300c46E4,1
0x635a0C839C184f2C2420630F0828DB1f0A72CBc6,1
0x635804F073561199bd016E638073F61FCB681DAa,1
0x63026d769f7D45FCbff3862e4A7C47c4dEfb4e29,1
0x62FbeB44608A7Cc4C4cc0Bc2C58db16E633efe09,1
0x62F749182c2F023D5B8f8685d0CAC1471d2323Da,1
0x62f65ce313D0B3C32b9205295F355d5849298065,1
0x62eb6071f3B9B68b7381be56F004161281C848Be,1
0x62e949C4150b79d63263430B6C5298550e63A17E,1
0x627afb1341CB1ae3cb3546424709DBA42d88bDE9,1
0x624e8245B1928A33F215941555433F7f3E234e74,1
0x62279FF21053C9b1E0f16e2a6AA2c93Da28ad4dd,1
0x620D86a33DBD1ca1C104e0cDfA8E1e1339C1907C,1
0x6207aAb1d68a6003641ef74F2c59cB934d59575A,1
0x61e75a8583e5eCF2A6018b138D98Bfb64F30042E,1
0x61AdB0f5E386b6f1732883aB8322e078BED92AFc,1
0x612D809DA2773F5F2f3656283350653F06F881c4,1
0x6117A8D22074B0873C0A7FfDd494a7784694d0D0,1
0x60E315D6Bd9e82370A609cA9D3F5A09E4Ffb82E0,1
0x60d620c18aaA9b12DBBFc6FF5597B9251B3f58c3,1
0x60D230ab1dfa2c2aA2716782B967747d22CfFC1c,1
0x60c0e5e23790a7b9b38A095D8C6291a88A23E6B6,1
0x60B31d50355420AA2bec0124F8215A1128b025D4,1
0x607a70E94c612bA045cf48B0F8E241A611f574D7,1
0x6069fCaF745500B91EC0Def05774649c1Eab1CA4,1
0x60283a2660aC534DFD01D4b5C5f8fA33ecfd5Cb2,1
0x601a1Ab70387a5bbF79Fc6cB2155B04d77F32c69,1
0x6001D26436986706Ff19c35478F97e0c43846470,1
0x5FD776a1Da57aa0A3F22C9B8b2fB7f79B56fA26A,1
0x5fbd44Eb40e626123e6ebDdCc6e46e8e1e4142C1,1
0x5f5b92162f9cE7590933649A19A7DaBbE42528A6,1
0x5F55F82ff1c5D7927d6784BD7fc7Dc496B1712ad,1
0x5eFCd1af7B506cE2d97745354a9fa42B1b3aA3a5,1
0x5eFb23C36fA6b02a3F01e3f396f2a6077e8a2d20,1
0x5eC8Cd4881eba87279f5F243Eb89EA9383E677c6,1
0x5EBd148f092839b3Ef38ACFc48EEF7Df580CEBDD,1
0x5eAD56eB9E2fac8549713aCE63F9726CCA8295DB,1
0x5e87Afb484826DA1D5B08e3e7Bbd3bc2D49E50c1,1
0x5e4A83f5ea011213EF20E00853E63543BfA6BeeF,1
0x5E3AAB60Ca7164101C0e0836A68539f09e3976B1,1
0x5DEE4e087aFb628fbF97089B5c9DA859EF1960CE,1
0x5DdC9FbEF175EDe710C1aB6114eeAC1233f75600,1
0x5DC68E37f9bcf63F85e490Ed92Efc166C44Af87A,1
0x5DC2C366706bf35CeccC1B2EacA8B19Cc9170428,1
0x5dBC6208Cc2eCB91943355486987AB89B6E7DC2A,1
0x5D999593C1170AfC64B81AcA664bA587661041Cd,1
0x5d731a0819A35e7c66a0A19CB4b806b08E753a75,1
0x5D5DC1398176e405ddb68fAA95CF23BA3234d7Ea,1
0x5d490C4a0B5D12C317e24D5198becFA304F72929,1
0x5d2C99aFD8cE84c54E325236F2C7188A7b883382,1
0x5D22a8A3f7918E6d838A0a58aD4E73e0200Bd656,1
0x5Cd19c6C7C49f2Ed5CBA572787638864aE241a54,1
0x5cA39925aF348525885Cff41dF47aDD5d0378361,1
0x5CA109bf3a55A82F557898ebf3bD6EcD067381D8,1
0x5c03A938C87d0f7cB102581B24728Ba094ffb91e,1
0x5Bce25397eEfbc76f6479e6838c00a5115dbEA4c,1
0x5Bc3911BEAc22F1903fa8eA1D9126eB014E73cc8,1
0x5bBD9F7B7A66E1f7B5B6bd93A794FF2F44a6B21C,1
0x5bB35886f7eC42C9873B2836D2DFf00Bb06FAd45,1
0x5B9e8bDD8B6EA310Fd16230EBc6c093E6A0FB562,1
0x5b8887aDD785F5076e56c26f4D2CCd93bef6e7Aa,1
0x5ae732E5b615E8639D855bbbc110f028a2855087,1
0x5ade252a7F52B9D1d4C07030d9d4d39f023f521C,1
0x5ab1842EA0981A84626e7A4597A9954005Df09d1,1
0x5aAF5a9EF5f15e4e68379a2e9c46E78f7C6B25F6,1
0x5a9F752d64cf381E1Ca28B025ac5B4cb0f39efb8,1
0x5a8A2Cf4560593DAb0fa4D131ce7272d0CF6BA67,1
0x5a38f942B5A593652ec1EB844CAe8865cdf99412,1
0x5A375E3259D08837757B91C542a9f9406b97Eac3,1
0x59dA03e05a9baa78C2978b3B1374D849E2be3cAB,1
0x59D6779Eca6c91eD7679E261b54299b5155EAdF0,1
0x59d4A06C86d1e7594A8dA38Fe2bd79FEC8243981,1
0x59C1EB9279e409C5d82D1C8EF49BB4089552DD98,1
0x59BF11006d0606930e9Eb4a9B3506B675cA07f70,1
0x5969c80B79364665321588244AC0e947A83670D0,1
0x59659e3270e7e143f8f1Bba1af3D237d8c9f9354,1
0x595095aCbc628473AD817e58A3A79ae861F8848f,1
0x594F692df5A51227660834778F0E7651B375b6bb,1
0x594C9Ad8D38Fd59daeAe8520Ab1E31B2A866C4f2,1
0x5944846EbB8B6fe286582ee6fA8bc51E98Bd85Ba,1
0x593FAF4FDEbb42649370C09d4cd30b8a5d917198,1
0x592C7231586d6d522328311fA76a1a81813E2419,1
0x5907B50e15A38Cb5543af8C5EbA4Bb60d44c002C,1
0x58F3Ba0F769070fC76353bA2CC4098Cda1975653,1
0x58EF6e9F01993866588D0b2B563ae28C67db8d4E,1
0x58d3155AB214344f181AAeEd9d546754547477BA,1
0x58D249A203489D1Cbb991a4558166Baacb4f1bbF,1
0x58B5710900811f0818456E481cC57D768548F898,1
0x589e7bf2c950F616F83FeC07a90bFe7891287486,1
0x588dc9174acbeafea0701e17688Ee58e489CFa65,1
0x588487c638877aCa56BF844408365F4bc3a79C8e,1
0x5874bE02f497ECc13f9B8b818D3081cd42Bb3aE7,1
0x5871f6E44e8c55e491989E8b02b30D07fe644aCC,1
0x57e5a470E26c6530a59Ba1e80058AeCA7521F472,1
0x57D3017DB560Ea906E67cEeF0250348793C05053,1
0x57d1e0635C93Fdd0e90Ef3001bF9febfb040eCA8,1
0x57b977465b9e8E39BFa54e0b4bC0A66d7099684C,1
0x57B2Ec90C520FFe23656B2B347a085ce8Ae3aB08,1
0x57786979c5088e17807FeD6a6E4fAa5330D63079,1
0x574382A5dA806DdF413D6FcF1730553FCeFFe33D,1
0x5727C65093faf228cB6357301c9Ddf0e00322f0a,1
0x5720Ed1ec4182E6fA41D69DA5e8bD3a7EFA9B991,1
0x56E32f2972598581c0cD5cfA9bC6c40cd84D96fA,1
0x56CeB75D5BA33C7D82AD61fB73Cd89BcD325273e,1
0x5696dBc2bbE52c32Af7073587cBB1d2c5052a1A5,1
0x568DdEaC4ca7AC5b8b8d67cAeFbF5bd5b033DccA,1
0x56541d71bD91d41a02647394731257a1284Ed65B,1
0x5644De81fdB389293145f51790d020bB5dB8937d,1
0x560075bA1990ddED3B8Cb49F1955E607999C942d,1
0x55FD4E5278e60bC06d5cA1090A048e0A7EF2382C,1
0x558F2db0229415dCC9c4761d9D9fea0DD819E004,1
0x54E5C66601b8e9386f0D74b4BD2932A3CFcDC833,1
0x54bE4cE1d72A5F819d1feF1af47834937D88b176,1
0x5471A94a7caF2bf5dE080b397d46e4F795cEbb6D,1
0x5432e6c44FEA2F15576865db10497b5F01800EAa,1
0x53e4409Bf8c0aF8bF386420422f96F9A90f3d567,1
0x53dA3Df491c3F648b74c8DC459E8fb9Cf0841EFE,1
0x53c1e96bE3B5086d0e48Ef3F6690016810Fb1800,1
0x53bB4a4eaFED31B562d766a61c8BC4681CAF2EE1,1
0x53a39C90f2B0f4A6875cc41468CdEB05404492d7,1
0x536b0b7A40599a26fd97B314B8CC66a443db1ee1,1
0x53676030caF0E817007C4942312d3A0902ae7Ab3,1
0x5350E5826fc7Bf672436775049231cc66fdb2E78,1
0x5350aD1434e9028F381b8dF608A7c426be371aB3,1
0x534D4E798B2644266E4C431545925aEB2cE764bb,1
0x534619104A9248B55a0293BF32E64Ef939D8b5d0,1
0x53083dfA4E70Fc24F665c3BAe0DAD68CB5E97F3D,1
0x52f81CE4DF61B830089fb9Cf77C7C5c27397a17b,1
0x52B26D9B0432023B24f3c29b6Da4610bECc7F754,1
0x52a6Ee7a0DF6C541cc7BFd66AAfA45748A962DA3,1
0x529f786B6cc026Ce88EE866a0De859283c216E50,1
0x5276cA25240a4dA5Da0D2d8dD2ff8A4A7B482119,1
0x5257e9E8123c8DE5108D4d871Df2d221c4F37f62,1
0x5255ED9237a6eDf7A2375100EEa38Aa6dF1969f3,1
0x52542FfC9120723Ac5BD1E7b6B2DA9b066621Ae3,1
0x5223966A55De70Ef5e839A03163f56811571ED84,1
0x5216360f3dB9767688ceBc7d56fF1838C9798bB4,1
0x520fa903C1BA2dc0718e187BD14167Da70563303,1
0x51F6749Dee3510F983C15B7c239CC6df4e4054Ea,1
0x51e2d61bb29bD800042F664B7F3619E4E279Ae9d,1
0x51bC6e879f49C3eF4AD29dC0ABfd5d26c3e77886,1
0x51987083A644dadbc0aBB310be50e9d14476FbFE,1
0x51678842A6B5dA52eA6F6408a2e020230E0BD1A7,1
0x515DeBdA7fE8cE1F3d7E04b9F95e2e8F3Ac90B89,1
0x514E0C49E7806994F0bae34e5a5eBFA8Cb4b56A8,1
0x5112996d3Ae99F0B5360CeA1A620FFCD78E8fF83,1
0x50D41fEe16049E99a2375d6028ADC03Df371566F,1
0x50Ca0DF1B59D38FC674b04139B3f2bDfAD0F2dfD,1
0x50b1f3D353c92a02992c068a5794fF4A2E2eA535,1
0x50aDA1219bBf611990156A31d128dcB07bf519c0,1
0x5027b328022b83F5927bc6975202ce6d2E1b1326,1
0x4Fb8c61833C5117774093437F8106aa412c6aa88,1
0x4F69627d0c5f58EEB45367c47A22b7c41eaEcC5f,1
0x4f49Ef925294fEb0d841Fac5F80129A448836953,1
0x4f49D938c3Ad2437c52eb314F9bD7Bdb7FA58Da9,1
0x4f15B0c133C4068F034F5D1533e9A6758b45c206,1
0x4F06fd857f8D4c6172aAa3F6a96a645B6940aaCc,1
0x4e3A9949461384bef2BC09bA4F2539c4c6E4Eed4,1
0x4E376347a9a778c1e27C097e1b4719246D26868c,1
0x4E342f8988fD2668059B3fDF4729f01c1a2D6972,1
0x4def04c1Fd172D70b9EAd74C22314e6be624c64b,1
0x4d908972cC6888f6E44b4F19e7b5A4a2d4a41FEB,1
0x4D8374632A9303FAE450aBbfd140d2d6a9AAa033,1
0x4D7Bb1cBA9d227653973e2dCe15FC212112C0299,1
0x4D7060BF9c0D3aE00a1F478E5656B751418D1fD1,1
0x4d6781a2D3985B13F6FA2C55d20731223867Fcc3,1
0x4d3F876fBc0557F7Fb3db70046AdA29A33026BC8,1
0x4D396974C5813159c704e96acdada21Eb01005Ed,1
0x4cB75146e98562C9d79b31649C6C739e4DCB7CD5,1
0x4CB01b6672bc750821af952ec5A2447fC90195b1,1
0x4CaEBAf8DFa2bEd212a40555f5Bf31709391f272,1
0x4c7a3aD8B1315fC91990bC64F39156C793af3feE,1
0x4c75b5B9c2bF46dBE9Db9E477F40514FED66F382,1
0x4c7324A5af569E8c7D492317e1c355bC91152446,1
0x4C7251f299F96fBA8ce2BD6682E6904F6550F078,1
0x4c5612b04E47443581E5FF7BcF750021429c9B8b,1
0x4c55C41Bd839B3552fb2AbecaCFdF4a5D2879Cb9,1
0x4c556F7D103A1D7ab3019713660F4F0B426c1338,1
0x4C3A0d41cB765c47D3933F1a05160B7BA085DfCa,1
0x4C0F3359A4Ef3a4A2BBEe138A34777C102E40848,1
0x4c0B9fF9A8eF2c53a438171654bFe2fa6A5F873b,1
0x4BF40b68D352772388B841D437f8F8626aBC7B43,1
0x4BF10853Bbf2214c099CbD272e7019d58490e634,1
0x4bE247D20B3cB51401896159AF4E28d40EfEE444,1
0x4BdC01fBd96932C11276700DddC75F9DCd911712,1
0x4B9a18a53d51d69411227859373a036017623708,1
0x4b95D3fe09Fa32D1755D90EF903e8C046Bff0df6,1
0x4B947941E0C443001c7Ae69291aACfcBB2526403,1
0x4b89d407e366d948709df4c5CfCf86F78933c693,1
0x4B6c8ce2f1C4F0b0B3A7eCA2843991b6c2D6b313,1
0x4B49f6BB5Ed420b19b29D2673F6a8B385E3a0753,1
0x4b32c230a22E73D6Fb30395Aa88fa51e1B96a19e,1
0x4B1a3BB26c34dD5c4192a0d6A0E116ec968A8C6C,1
0x4B1322BE4B15CD144A0786E5F4Fa23db94030159,1
0x4b0d943Db80c0Eb1ea16cC83f3E742aE789209c7,1
0x4b040a88cB4Edd02b97F0AB8C97d3da540FC2Cf0,1
0x4ae86e5353B8B171B6168B29862E11c04A05F210,1
0x4adC711051E4a0Aa49C07F4A5928A773539c5746,1
0x4AcF17F1e88209646fDC40De16E82Da900070d1c,1
0x4ABb08d8a702D5Df336E6d0d0C440b583630b283,1
0x4A5C4811cb889e3069d190128F8c05232735dD14,1
0x4A4CC754D4962512E2a24e963392efCd28791907,1
0x4A13c884d3F4cBc0a2FD62a9b48D8293Eb86C2B7,1
0x49Eb2617cB28A76FAe711C3119B5E6022681036E,1
0x49D8eB2fD991C281d642debEEba4ee1F0784a44d,1
0x49b24DF2754936A4a320d6066D924cD8DdEb1EdD,1
0x49aDd84818D204F7FF6dEb336785bF01A5687d22,1
0x49956d70636204db0dE422cF5e031dA5a360A220,1
0x4967e8110B57Ecf501B5A60447503f0D0B713C5E,1
0x48f7D45FA696Dc89fF4f2233B25490455AE19DC2,1
0x48943972f314109762e62fE5FA584B920FE301EC,1
0x488911D26A66bc9a9Aff9a002b10B4663F9eEC8c,1
0x4800d56D90A2eE686fcCBD239f058A3ff9C5D065,1
0x47D228fb786BB14117625147f1055638F46b6893,1
0x47B1e21925d4d1aba1BC200AAc811619D85Ab48D,1
0x47a2a5A8950dd410410f0AF03Af0964cae6Ffec4,1
0x47a1165078945DE1ED3fd6399aa6626B426CF26B,1
0x4798995418F2bea7cAa4884cC2c86392c50Bd089,1
0x4760b0285C5933ec0963b7db15AB7bdF10AC4803,1
0x471ac5f02c4cEc7032206D686cC9450517F99d99,1
0x470b9e148eD7973acd4CbC99931AB1d8aD801745,1
0x46fa4b3dbCbCF26b7A2D9C6CF3B4a48A2a0FF375,1
0x46dAC7412752e7567c941e8233f9Bd647A0e46be,1
0x469eA3f79c947f17f51546bF48976F052717a95b,1
0x467F905bc744c252E4BCB0e0f29D93b0A668f068,1
0x466B026e9AD177B6F79D8885e46d92c7B47664FD,1
0x463470955C61a54210b5dDcc20847cC325A2FF38,1
0x462A7fAd8d7483405154c8afBC0c76430991EE9b,1
0x461FD24d3Dd0F526Ffa48670e9496A067817792a,1
0x4609f69854dD0931436509a89C15E6BCe0588Da5,1
0x45Bb640950a8A7215b1c1d210e82E1DD23226CBE,1
0x45AA05bfFD2588407770038Fe7f69dBed8Ee315d,1
0x4578aa2A87d7ba8f19b1e51c116e83d8caB286F4,1
0x4511c26588a0F02b0f78F3A706cb3Bd50763171f,1
0x44e2455576e8F8d6D18B32217b49A783062cd21c,1
0x445AE911cb03d231d475F1D46E4Af9e98600eDf7,1
0x44311a19f5D82eEcAe5E4836b49C06AB2cC5Fc81,1
0x44043f51c6B1D560E8947c733D856E7c86eB18fF,1
0x43e5F9Ce17b98912ef34fBf126284c1272809aEB,1
0x43831CCd4D1adE29e185b249c356Cf5367350cE2,1
0x437574946e139D9ae2F848407A889236e3ddCa61,1
0x4351b28c70FD7Ca621e0FA9A977ec58Ee89d2e81,1
0x433cec62e43CfFe989B075b49868eCA5E9bEA9d6,1
0x432c48f061377B8CAe88df1208d25D3674446a9A,1
0x432C2aE9eE0992F8E0D7BCcDCae13aB0Bc514293,1
0x42f4FB4A30cbC8B38490991188E5F020Ec3f9FD6,1
0x42b9dF65B219B3dD36FF330A4dD8f327A6Ada990,1
0x42A55274cBef3071D0d73546628AF224285dB6f2,1
0x426cf0A8423A9522A78cd3325984AE000D425EeB,1
0x424D79eB7D332A393506079cA4f318DffccEdcD8,1
0x42410c871344742Cc3a201943089C0D7fd5e1a86,1
0x424007C57b284B7c29A5Ef5372beBf2ecDa117Eb,1
0x4230edfDe55D7bA3df31bbfdEA40Caa37b326cfa,1
0x4227e2581eC746BC91Fddb258c7a29f9E06A9316,1
0x41C92Be73293302Aa473Da1a196b2ff336bf4059,1
0x41759b607F7FcBa784E7D9a3689c6828f6cA7d01,1
0x416f10B4c8917DdeE646Db4E4D566B64D5cFA8c4,1
0x416CEE17DFd5316D525763B10B66aFB913457D29,1
0x4168D958C147b626c16C2e6B3124B4412cA7CE05,1
0x4166687A150DbA40f5b3E489D3728e16A111b7E0,1
0x4159f5DF51faB9b89335990FFFaf1Eb66008A4b1,1
0x4147a673a4483e16c2971354A22fF27090D5eA4A,1
0x410803E601E9833a0d615508F9F7A225Cab1a040,1
0x41027f98494548CBEcc3F4c52249a9Fc8B3D17EF,1
0x40EbedC2C9906966506Dcff7d19f2c3876030102,1
0x40C6Ff2a72072659E769873507216Ed54461b41B,1
0x40BB9fd9Cf1a4b92ec0013F86b06Ca80bF8cf8a2,1
0x40aA8f08B7a371a075becDDC165579aC5c159441,1
0x409C6F4A4d50DBc521aa0a9517C0c1e13Aa456fb,1
0x4075258499600aBF75795855378CaA7c5cf06cfF,1
0x40495ccdc6e6B0610B55Bb2e2bFC08A4951F0cB0,1
0x403D30FB89d5411c6B2572707F341204Bcf0FAe0,1
0x40393cc2426711E2a6C2d38E1b2EdE955517fd83,1
0x40360F4F0f87517664dFfE28047B9D31145B6BB1,1
0x3fFa85698C4dD96126b033A411d7f5601CE6D18E,1
0x3FA455A4043CBB00A72320D6b7d656a85939A782,1
0x3f99c674e0D76c77D4a90a520c9055ca81C39D1d,1
0x3f725524c7b5Dc77D5E60BE3E15c32f9d10d3201,1
0x3F6e473d9457452952026C6a77eA79A469D8bdd3,1
0x3F644fC9BA1CF9f27075BBFDa3179AEcD9d489F6,1
0x3f55CBd5a283900C1029edFE36461DFa0D845599,1
0x3F53Adeea32bf7a4e8cb196E97401A6FFF1eB937,1
0x3f3623c56Cc427Ea34D37086A14869957a036a17,1
0x3f1ADb91ffE32746d124512a5636Ba964e9d2FB2,1
0x3Ea2c9BAD429589C94cc4eE3786fB04F0391c3f2,1
0x3e9f88bdbd46c06071f2C9F1af893DdB6a63F02f,1
0x3e9F44209e3217a81F7913a6CD910B9a379A7895,1
0x3E7BF60D58D0Bb60E8342944662913A2B9aC2630,1
0x3E5662e3b3F63e51B01963a2E1550A3bdcc3284B,1
0x3E3691af7ada80D4461d2E2297BCc63c25487435,1
0x3E26462A425c60Eb1E2e8171856A84e4AFA416b5,1
0x3dAf0d8bC43d5115AA787735d81402364FF9F393,1
0x3Daa1dce1B519128dad3258755562D3409A0Ef9b,1
0x3d97D4798f063c9aA55E1887d2560Bbf8A0512C3,1
0x3D8250Ac679dcfd1E90c29E7a64AB5013645E579,1
0x3D1E6c85C4A2C683373c2fBea7f08139Ba8f1cC2,1
0x3C9EA2c853f85D504291969B8884c40ba2752cd9,1
0x3C8C1eE508C6e14F1A56A46775788B8C77Cf15A6,1
0x3c7f9217a9e6B7AB30F714C621c95749412F750a,1
0x3c78e41AE2dcb56611e877eda97FC2ef60Cbf441,1
0x3c3E5b9339339A7313710e809c6aB6F083Bc1362,1
0x3C173E3d1E6eAf8f697DAEA05a39Ff0c067743a4,1
0x3c0E0842368CcB8340C14bD89Db673FfdeF77Caa,1
0x3bD27B031D4bb60F22Ef3Ec7a472F6e4C3c5638F,1
0x3b8A5303b832756Fe7277129a23d61AE119268e6,1
0x3b78637E124f302cA73257Ea6bABC705ac0208dc,1
0x3b5A21Dc86A0A03d8a355f7d81a73b67a675a8F1,1
0x3B4B974682C5Ddd141d35952ed0fAC2a952f93a3,1
0x3B3b03cE343BE5A2122fFCbBB7162a5e5996dCf3,1
0x3b384d59ed6e1F046e215A4410d2A9c3637D50D0,1
0x3b2e2a702C409dfCe23838C1E515854be47eA763,1
0x3b2C439A9997D0f06443f4BA44A3E4959C8854a8,1
0x3B1925168A10632760C4fF9DDac7B6Ee7BD476ab,1
0x3b0E6184024fA350965e77EB658C23E20F7e3149,1
0x3aceB77bf88c3A92079BAa8dB3Ddb172e3636Bb7,1
0x3Aa0271a0403D00E1c23b55E4da9e1Ea8946670b,1
0x3a5D48144B5Da6574924D6488670A314FE3C7cF5,1
0x3A3412eE1CA341bD42783e0B88eAc497cBacA84D,1
0x3A27AdFDDE1d917984A9169d25e832EADCb5B996,1
0x3A14cA46c6c1A5cD3917e016bbe8373263deb0da,1
0x39F157F2db638CB0651b3e8245c079bbf34C2dad,1
0x39bA472545022e46AD0f9C9F555A1E58cEc94de3,1
0x39afE2176De832BE2A5164e5fC91E27D1355c88d,1
0x398EebCA1BFA476b6bA1666C75aECfC377F3D3C0,1
0x3975530781DB64a9F77FEfAF5f459F6d59E986f6,1
0x3971Badea71f6889baeC1a9e1571087A57547916,1
0x395f78FA07383c32FE183bb0ffa8a7E49CfFc282,1
0x395B311F9c714D2989ff3f7C0a0a19740E690030,1
0x395003239f62ddF9E56D2791b1a4c989d8E65b0E,1
0x393472253EeE6adc02E6aDa6db8D47c43D871750,1
0x39232f76A5099fA6F8f254648dF53D5718eebc70,1
0x3916a50e0a4aBf9F1BBD28D3ea8ce530FEAAc73E,1
0x390D9a55eEF37581F183aFFf7b0d4f8EBB8D23fD,1
0x38f02c18ee1B85D8CA7FE538137c0a4A587807c9,1
0x38e7d02e4a7E06718Feef66a64245f7e62988ef3,1
0x38c2328264247b46181b0a4f22304BF7F234822b,1
0x38B05766FB7810e96891A90E594dEe3dF140c5Fe,1
0x38aC671dfBAfb838C3c59c2b221D291773af458a,1
0x38755FD3E12a4d5c72A2cA0816f4801FFDfc2057,1
0x3860938314A8783d27F5Bf42aDa92D20d2666046,1
0x385DB27193c7B14Cf7ceB8a949BB41c9Fa6755a1,1
0x38443dE4140c744ce9F4Fa72174D65E2A4Daa6dA,1
0x3842dC8B016900BfA274150F6a3D7577A51266E6,1
0x3841a52bC4a1666b3Da70aF15B33ad4018Bdda92,1
0x382c506E49421d0463d4Cb331d47C82365caf05f,1
0x382b831bBE72E93cA55792beC0272A282252B345,1
0x381837b7B0EB014Dc0aBECD9724e7Cd866689d5B,1
0x37F389d3A052AE08FAbDaa8D343f6b2D30d594C2,1
0x37f2a93cb2770f666D7f49e3D041ddFB11e5Bcf8,1
0x37c2DD981aC291015DAD1Cf2d4E1eB524Fc64E08,1
0x379212C0506d1A182297928530dd38a92AbFe397,1
0x3774539539A91bA9dBcFbA5802fCBdbb8A40f45F,1
0x3756c2A65E70d7c556Bb716FBF7Bd52278A2887E,1
0x374DCE3e495adB12271d125f1681163A10b070aF,1
0x3732558AcE6E48170Fb0fe023e617ee1b00982D8,1
0x371C873c902aA79cf898B14bf58095f8e8989FC6,1
0x36Bce4843ce2A555cd97eEfE75BE193FD0912802,1
0x36B5724185dF73766D98c0f5E14C94Be21e04235,1
0x36B2460D1731D3B833a1fF08c9E04DA3DE392da1,1
0x369DAEE388ea07c076EA9Ca0D96Cda16e2daF199,1
0x368E096E4e662724f25E68Fe65f1E9ea70032667,1
0x364D936Ba538122E21aDdBe27556094337280e80,1
0x361b8DB6C1a587Fb71b8877701Bb0615a06cf914,1
0x360cEBaC3453204D44032d4E4d2c9896DE48a85c,1
0x35a569f2ad032D0d6e72B2F8B9b0CE06316C85aD,1
0x35A447797A91b4D0c4910E5Dd6ccBF139e5E8856,1
0x359842cD28b2cb58Ee2f35a6AbAF188367763edA,1
0x3584F6DCC6A6053b45B89e5D9c9b885a5Df5978A,1
0x3540D804e6124757A49B805E944B48d14cb78B74,1
0x35226E78809a5DaE4562B0B1fC4cf96cdb6A01A8,1
0x350B129f39226EB42C739CB90ec79bA087b0049B,1
0x34989DdE1CE6a0f43B89E92D68571dEDD55C42eA,1
0x34868ed83815AaA53cD1F85032Beaee678A9e8de,1
0x3470992973DB795039d86B3E6682784b325b3121,1
0x3450F5A03a243227220E960E2F1f8Ca7FbE76a20,1
0x344bD24273B95f6F10f910b1251633898F12f806,1
0x344B914BaC7daf7077A28Ee78E8E7602eEdf1E88,1
0x3449f5ac107628fEA49dc27addB5F14E6dc3B5b4,1
0x3449955b99fB54CE7e0804a736ce1f8eDF50Ee08,1
0x33d14308158623a785B6E85a30e64dBB16B4CeEd,1
0x33C173b9E433a6495EcA3CE9485F7771252c2CbD,1
0x338dC71CD5f11365478adf15dC1d21A379F5D4C1,1
0x336670C3344e271dF962bbae39057a7E53FBdF91,1
0x33206C8BE6435FBb4e135Ce7083ae6745c07487F,1
0x331Eb6e24A56E96Ac80eaEa352a73D7D438F1D3D,1
0x330A5294Ebe4a2958EB07Ac2b3c5F95791f9768d,1
0x32F986dA58C49696C85f4E63d5Df1B42a51dB96E,1
0x329557Aa54AAb595e6b651B41b796e541D58911f,1
0x3273C7a1993774432Df8666d43d48D3E8FCA435A,1
0x32573ec9734A1054cd0E35F0e28314e688089138,1
0x325409632bccFfAc706d378A2Eca57Cafa21ab11,1
0x323adE1151Af92D1306c129618033827122C0A82,1
0x323a8a4643C690dae74bD3Be3110e0eb018E213e,1
0x320F879A382E410D3361fff2F8ffdC149ABFD6aa,1
0x31b6aAc6220806251c5019077A911fb348590cB4,1
0x31b387cd55f9Bb09dB50f903E3b928c17Df7fDfd,1
0x3198eDb222d3e57a6c30e6aCB04eEfd5b6d9b870,1
0x3177a849e797CC2E81D0CDffA1146B35Afa79Fb9,1
0x317793F94725d590b2DCd28Be0Bf1A185ae6112B,1
0x31738Dac34244088cE78284DB1074e03DB6F1743,1
0x3154Ee555AF9BDa21431B99B268BFb419B1e47fE,1
0x314174310c3934c6924EC451754064923840aa99,1
0x3122ac3caABdAc30C69b66E0Cee2D599F1D358f7,1
0x310ce162dF5B036651b15FE31595bf4b6A2A2476,1
0x30e25eaA01f60ACF52470ccfc57cAD3e245b43c9,1
0x30c842b5091BCA284e6Ce48f3a07d6957F17B225,1
0x3099cE94b9dDB6715B1169F61Aa0e16ad818Ce89,1
0x3097d05f8b24B460916d2B32f9237A3eD242c3Aa,1
0x30492063C99dF06cA3992915F63EdAb499985E71,1
0x3007e7e111cB4FC7Ff15970788F8FC96Dff0EB7b,1
0x2fF61817Df011F87D0d83A834b6e0b52509fB20A,1
0x2FEB12B34a09Cac2a518e51E4044A46800eE8cA7,1
0x2fe0eA7DF6888c7D5EE1CE5f93DD37AFe4e77e76,1
0x2F618f250fd566d9A42A27d43096B785eef9BF5a,1
0x2f225F8A538e7fD613e8ba79DCDdC7D1422AEd1C,1
0x2ee901d6AAb21Aa32e50AD15779201C2D6637092,1
0x2E8803261f894CA7455a31676EF638D367d328F9,1
0x2E7FE8551847302a76C9c2201B7228fE382d8a82,1
0x2E613347EFBd526704e71bd853C1Df3B2Eec46f7,1
0x2e5fF075D31c81934a7790BE9D9635c1E33B8bB8,1
0x2e5238ba9577cF294Bb227350257EEe58FFaa735,1
0x2E4BeF8b31AA57fDB5BBCbd4eee0d21082fBE407,1
0x2e470Cc075Da038C9229Ec95800245ea175CAA97,1
0x2E1dD86Cdb85c2F961969e8b93487192A6BeeFEA,1
0x2E1bfb63Fb937b0d8B5d48983C640677c5cD7eAc,1
0x2df292AF809Fd693D94C7D17E36BE352e15Bb98a,1
0x2dBA976150079F2461cb5745f85F4cF1A4b61042,1
0x2d8Dd5B7fB0ca098F0A230b41E3c5CADA6F1F165,1
0x2d7c99A34FAF33B3AA66E1E3692785E3a28b987b,1
0x2d79559842b125Ff98ED640A031E50e2d5061e9E,1
0x2d5E67cf8e330c704D59e660A997Df8199c050b8,1
0x2D4c68C62648dcB47fB44997EfE0906f64A7074d,1
0x2d4b8529c1bdf9948537E00fd0A63307c9DE3cb1,1
0x2CCFF304eF578B238eE82E1D1d53c34e80B48ad6,1
0x2C652D1EB948233c263A0FfbC7C261e49f5a8f36,1
0x2C29992AbAA29763C22e3508F10F7d734cb4e7cc,1
0x2c115bB94E43eC157b0fFb21f2e2f078B4BBb63A,1
0x2bCEeD2BBf7fbF6f01f88268F08Db9B2f669eC11,1
0x2BceAce817A5FCB97ebfF0872c66c6C7B7A332Ba,1
0x2bbC124B13df24D2DF0482f482B51EB05696E996,1
0x2bb1270547a5D7BC23c8d0F5201612E95Ba5A774,1
0x2Bae4279c318722aaa544d3114C6984D4315cD84,1
0x2b960696145D8A350EA6487789a184EA3600c51a,1
0x2b58DC4EE03805f091718A4c60D0dD61B5d7e2A5,1
0x2b50a038DbB5deDaf09Fd5f8899AC51Da59bA123,1
0x2b479e566d578e5092f89E36b3e97f14f279f0D3,1
0x2b1eb5D1FB443d872e7ca3A82E295BC8080cD403,1
0x2AE27f5D0b8E48F75174F28d51188905EC1b666b,1
0x2Ad5e859ffEbC012F976985407b5B4a8292d4ae2,1
0x2ab1C3a2E3448B227B1bD2E4b937EcF6F8feae0a,1
0x2AA294205bF8363d509ED4072720bd993ffa5DF4,1
0x2A7093F709B1833460e5f638B04cE04D5B33d2F0,1
0x2A5E74d5D44651E893831Ab8C3C0Edf614E65F25,1
0x2a54083168A938a072dbeCEe37BCa4289a5b1E5a,1
0x2a538829BE98ad09c6db806aE8746be737bDa7c8,1
0x2A34B50e66c763C440d8fbb9FB19356376AB7e76,1
0x2A2A034ff6bCBAA143D260d980D6eB9A8126f827,1
0x2a0e5264B12FA426d83ca37003Ef1c32A58d4859,1
0x29fBab1EBd4DAbb69c6EaE1f8DBB7b97Cb7d680D,1
0x29E9D9644561C9e0E1586C7Ffb56E9726aa109C3,1
0x29E6D40392903c8f3CE0d8B37661b2e25DCCD039,1
0x298C8bD6c970Eed9d7b97b51E56F77C13f8B5896,1
0x2988D030b060EC8C226Eebad66682e5b0c717424,1
0x296FE7B32881281Ad299ECC977803b855743eB5e,1
0x295D37AD80c1a23e8fA7442072581ffC5ad18A93,1
0x295B4AFf7E06f79e0a61036EC763B005F7A0dc4f,1
0x29405Cc41C4Fa09D27139DcA61220e3d7012f99E,1
0x2938865D32f71Bf033ADE022F86B4b2c346d96dD,1
0x292c924b8B9e66e2525057196099A5B981E57Bd3,1
0x28c63Eee4A0e4E3f22195eF767A0e6B2731d4030,1
0x28b70156ac20092a961c04AcEEAd0De2e57AEd89,1
0x287beC03eafd5F3aD2f5f2Fad0e9bAe137aDFa70,1
0x2868E8414Ce72b51c1D1595C9E831BdeF2734E7B,1
0x2866599FD4302Df181122cc7DFa48722dFcaf2c9,1
0x28581D2854fBc981DBC9eA109105D73A70c527E7,1
0x28560D559eB3b0979014bece990Bc992F33A928F,1
0x283c4936D4e763a0FCDC7309F4A178620906C90d,1
0x2820A2b534eC948412699074389EDF8aab88aD30,1
0x281fe69a496fbA401D85AA1374D7e401660Bb674,1
0x27d47cDe10b53e0AecbBE3f897E275B8a75A4DF4,1
0x27Bc5F4Db8CC494c65b667b71018719D0710CBfb,1
0x277Bd513CF8BEAE9a3356eEc16bd19F4087Ea6Ac,1
0x276C7770EF906D6Dc7844356b840097b4335b975,1
0x274a6D2b54F2055E54438bE594D9c1b3aD864912,1
0x2721FAE30447Fa05f4654a98DC135E5C9183Edb2,1
0x26B0Cb964d19eC7f55D4f822d2bc678262D25867,1
0x268EF519eDBf507Ed9fF31a3EaE96c82cBE1bb0b,1
0x268eB6e86bD1eb6709110F54591a0d31b6A31fEa,1
0x2671B0e325D4AA9205cAa55a89BD0e40C0DA8057,1
0x25f74234Bf294c6D8B65d9A63615D9Da5f398a94,1
0x25E6bc33060c1fEe8e08532D0c1C32c4cBF10E2c,1
0x25dd171D50B5ea1984C427a878498dd1291678d2,1
0x25D4814Bc5cacfc3aF26487b0d7E91D04530f819,1
0x25cD8a22Da5Fc726E705e661f6E70FFD59C6842F,1
0x25B1300c94e09FF734eCA4A918EDF2709a836d2e,1
0x259Bb19D1e0B89735f7d5a04A859edE8b7fA9046,1
0x258877c3478f744f2F50b4Eec2504ecd69B2E3A5,1
0x2561A831fd110C1e81Db9e640a6f0b144047B41c,1
0x253e75eB8C89426A49F979242a96A523B523b9e2,1
0x2515926E3a14Ea1f3e7FD70b35CB8D6214398Fb0,1
0x2513D5aE5C55B5Dc65489E49dB530C90e8b425dA,1
0x250d7122eBC5ABE65819a013188fc0d8905537da,1
0x24D20F4E413d54Fc5F78b381EE09fbeea1e19A0b,1
0x24A90059bF3e077640C0A50339107cD4ec79f459,1
0x24a000804704B9557466382A806B6BAa31cf574C,1
0x249F8Ede06d1b2b4793629a9f262aee848152ef9,1
0x24381906d1c2a461620902fD0c0370Cf296083Bc,1
0x2433f77F39815849ede7959C7c43d876242cC4BC,1
0x241bB606ED99D0Db0B6Cdc108c14467B0FdBC6c8,1
0x2418Cf3404A91D4C0E24b919BE8b73C5D8D4c1f7,1
0x23dc1d4E6845e0d22Ea88658b99FF51A8dEa16BF,1
0x23C5Fc38090643b410c8c06C4c0F3246059E98EE,1
0x23894dd02bCf6137F4d3d4D66ddA0cD87dEb6963,1
0x23607602f8529bf1d694BD0bD016C64df76899C5,1
0x2342A72EA53033Aa47c116EA6D92a35259FD85Aa,1
0x2322CC326C2E60Ac5Fd288508C658888eFE615Db,1
0x22dF8f85AD9850151582F89E37237Bf0517f87DD,1
0x22Db23A5916f852F945eB7B8B9ba49822B0616D8,1
0x22CE8beeDe0EC84b9BBEf91953146bF912e229e0,1
0x2294476a8b4D6C5b7f87C3a1e6c823f6117C45C2,1
0x2279122Cc80B30b77AcFcF07AE304Bfa8186c51F,1
0x225a0779F0Eb7D91b9DCB3b3bFE6432289274160,1
0x220a6CB04d48CA2c33735E94DF78c17F8B0F7C9F,1
0x22075fdfC80a1aa0C678bE3Ca2cD2cEBf7E49b7D,1
0x220399656876297848aEc82c236Cc379A1Ef2fDb,1
0x21D90E6F18f3848d9e45F34BdB4dfdde3FA09D1a,1
0x2198c2E6fa4e49a0B53D90ba216A3D3844fdAB40,1
0x215C7a8f8e4D47d296eA243A518Bd88A7bf9fc6b,1
0x20B278B9A6715fce84F39Bb58382c956cB5c391D,1
0x20aF12E19D928B3f928948145906f211FFa57eA4,1
0x20683b7398f3E5CAd97Fe6317D85e8AC2Fd7f124,1
0x20482Cf45e87103672D5622a0c55421b560c60e3,1
0x201Ae4aa8a838d5c11F024D6202598C62f579111,1
0x20192B671Fc01441FC2D4bC59d674C104f0DD66c,1
0x1FFc958BC75D6a7d7fC673F8De6Bc3A580D1522E,1
0x1ff0b864408167E0d271698e0920E079627B94D5,1
0x1FA9A0a079ac9E7Cf4Ef74C10d663116B5C360cD,1
0x1F8e8AD4A0F7a8aB0d8cB27b5AaccBb110566b9f,1
0x1f770a0aF0e2dc965C37fcc8A6Ca2560472e1d1e,1
0x1f63961AD8817232981C352C006c230DbB87923B,1
0x1f5C91c68328da3208bB7A40e544EEF1C1A37186,1
0x1f3dcBe98d493Be1f047a8A351a94396215C9212,1
0x1F367E135c820B3ED88c16eDb30eF2D508aD1191,1
0x1F29cba44478Bd2df384e4b21B39e6fB92F350fa,1
0x1eE9001D434b8f5ae45a59Ab482F66925eF8218A,1
0x1ecE5100927550F86e494f77Cf3e7A600e1B9365,1
0x1E8cd608e37fbfedE9721fF1B94Bd5E5b149c911,1
0x1E62a293b345C9d96e585492c6eF44Be0D57551B,1
0x1e5714ab3faA2dfA888458F6bC4D929dc0dD971E,1
0x1E32B30bB123654f60E8099974F6550e1e82ff6c,1
0x1e21d7fd607E03a77c8679068CD90DD8C3814E7B,1
0x1DfBEeE45D78AE93934DF5F5e18387f8b3590386,1
0x1Df5B9a359EE2809e453D0501aAbE39C478a13c9,1
0x1dEc19f2B67Ab2f447e6BC9e7F554b344573E919,1
0x1Dbe67C11c718B4F0D4C22DEF41ba35FC3f6Cf18,1
0x1Dbc884482272c6fCE4bfa92EcF2a1A49bed7C72,1
0x1DB9E5b827D4503BB59Ad7a3B74ac2F499d53Be5,1
0x1dAA49168fB3DAb405e9856E51E7Fd8af3F4cfe4,1
0x1dA8487B529d17Eacf61D0fa8F03bCB6a833E74C,1
0x1D766BE08132039b9c94e86415Ae0B4D5778F181,1
0x1d6038A425059545996eB14E34cFb8A3b7791Ec5,1
0x1D4624f22ebE0516e040BB3cFC243155B1303499,1
0x1D3E52C1217458697291A6839C8aA3669F60239E,1
0x1D0429CdE9ec24e438D49c6EE40b6A69D9ee8D98,1
0x1CF653233186d93143c6Cfee332836191f838F61,1
0x1CE45aB88165e6e27444DF5EC442B2F2AE2E8342,1
0x1Ca323E658F4688996ba3Ad73F1f9e6b13448CfC,1
0x1C670dc214de4819730e7305703ec8C986B8C7fc,1
0x1C55D9c365F9cB5f09a6F98843F08C764a8F0f1D,1
0x1C48E034d5975A0E080EA3E427Ec4A80c53f29A8,1
0x1bEEBFe414e02f3EdedB224C4d7F92A8efB85244,1
0x1ba7C949b058e927e069e7CA0daB2b62Cd119743,1
0x1BA350E56F152309a37A5ECA77C1DDC602F0d3a5,1
0x1b8Ef38fb4487ebCBD9283b414f4B763f07bE5aD,1
0x1B6A1457543A61D3417c54B94BA9Be11dE516E7C,1
0x1B4F6D93ea11f863D93366dc6CDeE9Ac93CED92c,1
0x1B291B3D10755D14989D135BF6020452217B79fd,1
0x1B086C829C63808dc4c760c72df9F91aF98a01f9,1
0x1b00BA957eAa41a3a9149Ec085b6087911449f53,1
0x1AF3C165c39cBDb3de489D9AB1Dc5469685F4291,1
0x1aE1F53F5006E3fb336a6d7E54c1c45aa55806aa,1
0x1ac6eCcd1fD262A9fC3558e7147bfCe55fA26f50,1
0x1A81AFd356cF715dBa4b59d8242550BC7b7AD186,1
0x1A8028927383A0665B62B4AA6eEfD5Dd66cB5A38,1
0x1A488a9C4282A05E6d7594E598fb879aA8013690,1
0x1a39594D1657cCec689D7d84D8DE8F7652A7a036,1
0x1a1e4a76d7A47B4682DA697F372DF9D436f8c8d9,1
0x1A1837bAdD53C7C3b40D4636260dB2F53403E1E0,1
0x19c957A2b53D56227B6232204beEc74B3d877f03,1
0x197008a1D3e26A97A19f46C121482969cEF95b7d,1
0x1964E7fF809a57eea8a56868dB227BfC3B2DA70e,1
0x194E16E0ABBc334E29A36083dA9e77E07a5656BA,1
0x19083c0D7d5134d803c1840e619CcbD3a52a5F51,1
0x18E9E47dAb0148027E2657F7F4D1a195C9Bb0C57,1
0x18d70D11cC5bCA7217881c462AEC6f880565B706,1
0x18caB6Bf8d2774049977c52657A3832A40Cc969a,1
0x18B5418c1AF447C1673C4bea93A8E582fb2B696E,1
0x188697f39E2eC9e6E3C5Fd5cBB36b8C01C81a53f,1
0x181A81e54Da038370A88B95F5b6E352C27C5bDac,1
0x1818EC021ab41C0ca81232A121793Ea0d964082E,1
0x181235Fb8233aDFFDcd878854e7033ef66e3AEAc,1
0x17fD79F1Ae41ff391Ac006FbC8081043F7299270,1
0x17F97150a7c13697725d4874F1E966d64bfd3dCf,1
0x17f43f532b3F91c1628Ff513290e730446Cb9355,1
0x17f17D488F548E0E894b967e804f67c28699E558,1
0x17d518736Ee9341dcDc0A2498e013D33CFCDD080,1
0x17b494C82949d6b06890bcf5609F5D072E6EC592,1
0x173fEc60BA710Ff089F18D809319a5Dbd1d62512,1
0x173BAef3b5502a78b81Ef8928eCdc3403e2e76c4,1
0x17361d60486c4512416a8090E1Bf4e90D2B4A5A2,1
0x17316eE66C50Cc4b807FDC5E940F89a97c9C3282,1
0x1723e4d5DAAc7D6761941237d9a70b200424AF41,1
0x170967AE7D5f918ab5EAc338a360A9a133eF9839,1
0x1702f2d0df7c99011a690461c34e51BD81cbab48,1
0x16fE571c1620a66048CF852F57d5329C71a543C2,1
0x16Cbf55C438c3Df19bdABC169a8d6b6B4e90aD6e,1
0x16C90008Ca032dF85D5cdF06eB69a6C329B4Af26,1
0x16C8387D21514dE3889b126ba1D565b1B090Bd01,1
0x16A7dA59D6328D9E765831cf9D026E0F27dE71D3,1
0x168F87fBfe36B84E44B9d06278B2aA1CC73d7400,1
0x1672EdcFFE31aDfE3C9283506578E7bDdC4B9134,1
0x165255b83Cb610461D0471e987898a1812BacE07,1
0x1650feAeBc0bA18f8760f7F9C0fb9fCBbBA6Cd33,1
0x164e644a4649026EA604f3bd0ae52631ef5544DD,1
0x1604EfA11c5b7392BFd161f6194EB7d636e01C31,1
0x15f31e1315196A104EEaeF2D575e327FbE9C7ffF,1
0x15d95d0Cc6EEB9C8062A4D96B8547CC6ECe2C579,1
0x15c7727110f74D3e3103590C26d7A67c209b7525,1
0x15bb0c94Dc1c4ac73A777BF4786E811eF868D478,1
0x15A712951A27c681194AF8A65893B414164fe3Cb,1
0x15960FDAB34A3648F200Ccf91612d3Dd20B9fbd4,1
0x155A53d0c1b8B4Aa0AE77116F968BCA8c8e7230d,1
0x1547f22411E7a73D7C53b352450c9f6120753f70,1
0x15198bC084d3c442666C6a60b2F3f35eA50D9893,1
0x14f12e80aDd26C2824F5c84487886B43e9FD7075,1
0x14dD16D788da536A217e47324393E95c9d043099,1
0x14dC0e60338281FEB4788B72E5735F812672c3C0,1
0x14C6A3Fb0fa46A43d01DC7426D7c27cf8C71c10a,1
0x14B82bc76ADdb0858EBC857daA956ecb1070F7ED,1
0x14A5D5B8043B2951bd8D9e6e90f06832E385258b,1
0x14A0735652130582bC50d633A72f4754f37347b0,1
0x14998a37c82f64E84001d730c430BaF60B3fde88,1
0x148F4e63611be189601f1F1555d4C79e8cEBddC8,1
0x146238902fA03ce38Fce81763140532FE394D5b8,1
0x1437250968be0E8CD7A8875167Ab60A4A3b3F7Be,1
0x141A0aC4da330D6d4D35F175D2c09D56c2d20e56,1
0x1412729138834ffa100473cc7a749C7d17fb73b6,1
0x13CCab726695c1cF0212D08a8CA09fCc6778e650,1
0x13c5dC21bE92d96c69B154eb1beb24dd8Fe8D15c,1
0x13Ae9A8e8295fd62bc8863A7Fad1fbA82C6B45Bd,1
0x136f81563cB4C829B8adD95CDde09d03716D6C2D,1
0x1369F0eBC29e882F33921202E20eB3C1d51130d8,1
0x1341df844780b66AF4ccC98Ae0F34be87eABe1d5,1
0x132e55dc6cd26F5eb3233928edF0F682d8abffB4,1
0x132af0452A9B8B61777421bF77c41FbBAbF8527a,1
0x1323f3144067228313B50f2F7397753F5a38570d,1
0x132289F7788099b07C1D12a6bFF0a79e6d8aA8d1,1
0x130C82dbb494cF131f8884e4770BfA30Be3416B8,1
0x1308b80b68A01f3304054dd204433c814FE049aD,1
0x12F72CFd58De931834CBd39177037e75aC890d85,1
0x12f05cc39627b5A7a7ce905C0dA4ad1057E647eB,1
0x12E41E4f6F90c9278e6bE537A19B7052b9d965F1,1
0x12Df9e484BEC52aE4eeAe55b749c04f0b616067a,1
0x12D42e79d07ab6273e1eef2CC19604391d707804,1
0x12c162D1a60B518feE11686044210FfFc14B71d4,1
0x125DaDB11BB7d0C6e947bDC67292dE4d032A30a5,1
0x123C6D7D6d0A15BcCf7204bb5F5Dd6eaAFb8871E,1
0x121bb05831125D628459fc76BB16ac92aF3eeA84,1
0x11Cd4E7dC1E870d636DB024AA75acC12dA07ee4f,1
0x11B9dd6d3129Eb740011b1A948aDCbCB67758a10,1
0x11b7246173E16F8C10b07d04b719E48282EBe2Cd,1
0x11a0cbE3548636d02506e945C77b17C5D3fd5FD5,1
0x117D195f9C82A6eff923d2d4B972baE36263b2B1,1
0x11707c6b3F7306FFbE1cf64278Abb8FeA2a638d4,1
0x11682A2825eed5C468ef86752F0eA3a10EAA8a75,1
0x11475ecA9E123CF0f814Ca0f55479d0f7b3D7D8e,1
0x113941782D3eB0B80a6611A3b1DDFeC16e82bd6e,1
0x10D172F41Ea8A9e60a97DdAF86D0924aC57629eD,1
0x10BDF1c1E2B3b33eB94c322Aa7B8B21fA90C34d0,1
0x10701840A201f2DC62E34e872f5EE74a1978b2C4,1
0x10693AE68e43870aBb048CCa95a7dC06067086D4,1
0x104032B88EA3Fb5e8ef84a487A1Ab956fBa7c526,1
0x102F8Eb7b10415e99367dC5087eC5F5aADe68ae7,1
0x101b18aaA9712aF949f15952c6BC3CD803D815f3,1
0x1001d2b323c5d6bD07405137347A633c658B5190,1
0x0Ff75354B403bEaee5122a9bCa41E82d1aFB5171,1
0x0fE38E1Ae0Ae838aA7B24C7CCCBc0c8955921488,1
0x0F8dD157DF75a2Bea2212458Fd674190E271D545,1
0x0f6f3b227F0EF50F5Cb212879CF457E2429286Fd,1
0x0F2aAc0dE28D90566B638fC06655D934Da336775,1
0x0f193b940E0E1779f09c3ce34E7f01bc8E80aC6E,1
0x0EcE310D5C8dCC3cb36731823846238504110360,1
0x0EC1360FCAAF0F12B902387d74102888ff3B70A5,1
0x0EaB35233504B8f0C2071287Be2D55337E8A0495,1
0x0E9B063789909565CEdA1Fba162474405A151E66,1
0x0e8BB213b61b740A4CE5F8b59BcbbDc05AEcd615,1
0x0e6D506206189209033Bb20b84f9588e31aa730B,1
0x0e6C9BaD29314E8676C18721f450CBa2E0e9ffC3,1
0x0E357DA6714C021123CeF416cBd465f6437bF11d,1
0x0dF8D763Cf1AFC313e982C463a9b3Eefb2bB02be,1
0x0dcd149D8a0Bd20305E848DEc11E7A568f7B9209,1
0x0dC89D5CFb8b4dfE0021C5F2F457689587ddCAEC,1
0x0dc3D2b13EbA5C6B66bc87a3CD9db8Aa19069E83,1
0x0D4aD306Adea1168FFb1D7DB219156dc31649D96,1
0x0D3633251Cc5157304f5088B99c5ae62D43FbD4D,1
0x0D2C56E3E9808F6725F6ad1E6e458245663b5b8E,1
0x0Ce9Ef2F19B3b03d6A2ad2d8Ae1f0F31b1938A15,1
0x0cb3dBaeCaC7A8CCe19463E0d1F973f3004bBCc5,1
0x0c81E0A1d3dB9221369ACFFED31838f32c83A46E,1
0x0C5E9dD90b2a3056E175099b256A875FD94063dD,1
0x0C4e3B38CB9Db629eDDbC13f8D7fFA2229C1d878,1
0x0C07fC4F70348C5DE11cA5C1b99318EC7ABeB4CA,1
0x0bEAEf07Bd599a28058454fD93a004D0A39a21a4,1
0x0BE61dE186687c4E16F3651704Efe91bFB951000,1
0x0Bb3Af56acA11237A5E7e8Cf1c2eD395B0095721,1
0x0BA6565769b294Fbec8D487BAad52e430884F8a9,1
0x0B96940D7409FA9b5E5d86F03c4847Ef5b97746B,1
0x0B8C08c13F10230345C70710fF127Fc7f5A95941,1
0x0b5A101361c1fac44f73F73559Fd75E442281F16,1
0x0b0F9f02d9aEF778433dea88C4BEC341D6C86834,1
0x0B08Ae95c0eb67CBEE30C4575f69319E2Be2F4F5,1
0x0B01168b77425d8a4Df02F794d2ceD416EC6e7d4,1
0x0AF26077BD99475c2C33579A7fcEe3F31F1D4E8B,1
0x0Ad62e66c1f760aD17A1B758489CCfc0050F69BF,1
0x0Ad50C58D425a264105D826f65E9db156BD864bb,1
0x0Abfe8688fA77BCE57Ff7cC6ADCA8D2895b00cCF,1
0x0aAF37c3EaaA42d417434Fd2ceC555846D46415C,1
0x0A8e938779B7a6C7d98941fB2C1fa4fCEC2D55a0,1
0x0A6F2F5aD8954EdbaDfDb508e599cd26AB668B97,1
0x0A5aBC4eEF196994abb9cd34fa8FE9229Ce53e4f,1
0x0A43e5Cd991852e539dacD2996Ead14Cb9ff4909,1
0x0A3D9d1743833bC28b3fAcfb4b00eC259A7B5Fff,1
0x0A389C8C7101409831E81C82DCc9cdB13dfB4E39,1
0x0A2bA7784176a947f351AbB378f7D5072eB3C79C,1
0x0a24164AAF2f4d75822a7Ff41a4585554E7CF903,1
0x09fBd9CaF3eD23A816661aD4ad6A7c6b36F4f8dA,1
0x09f52E6ae1649551a7AAd0E089E04AC0D622d486,1
0x09F213953D92F865b949B3E39b9dcFaE687d4966,1
0x0950B8C534302829d55159dECcd4d1f9b66e4808,1
0x093e487f6Ec8b64C8fc9ef34bF3635C8A53E1513,1
0x0934c0a1d603bEb56CaB5B1a2399d8352249a668,1
0x09186F935E8CB5E530Df8B69A4945211Afa019ec,1
0x09105630e261523685Ba808824cB172Dba1b8Bbd,1
0x08c5aea9F99f0A3c580Ff2D68B35616475151dA3,1
0x08abb6154730A4E06D69b6cD2dde6f682D6f1083,1
0x08a70fA70bB51893921966Fc61B2DdC6Cec268B2,1
0x089bB9A6FDE7Ba2698a47386f2d73A55Cb1267dd,1
0x0842DbA71B93F51Ca6d0B94Cccb8d64f651ba56e,1
0x0839a07661aD25f32d8dA4efA3bCbaAb2F3c7268,1
0x08355c5e83A721c293B9246A619d11cB012822d3,1
0x082e4aC6F1bcfa6B31f4525FdFE30C685DF759eD,1
0x08061468338EdeD70CDCbAf970989b2f4431D416,1
0x07F646cE74932688d287F1aCDa9C6AF37ae8107e,1
0x078D241DBE88c96D02e69cEE7e13BE12b3612205,1
0x076E628f36bD43Fec8F073d8C72347CF6b429271,1
0x07431D0Db9042F8bE2368BbFF98D2879B4E665AB,1
0x06fDc59B36e1238499572d7421898674db2F4352,1
0x06faab61b8b72981c3004c1d060E8A67d826F97C,1
0x06a1E61244E6A55FD52375b3faB913Af9249952b,1
0x067a11B6A805d078882200c01BDE23C9642b578f,1
0x066D22F32E6009DE31435887650C65E6f728D34E,1
0x064cB0bB4c8ABE11935134aEE670C032D6833556,1
0x05c2974d048D90EC5Bfa124B6369396727B900fd,1
0x05B123Ba0aB179af1ec33B3BC79C5a620a0B3568,1
0x05a87f1738F09970D84325b4ae9Ee5a6B9523bAD,1
0x058d25F3ebAc323790753a03Be63a688739acCDf,1
0x0582004508E92E57076462b0C41Dcb3624370052,1
0x057a484aE712F7A753B461D9f172D5d2Dd69bf69,1
0x05747fc55e8156F2337a5e525f5c5818BD8f195F,1
0x053276cC8D71430156091ffd6Bb1f94f41c586d5,1
0x0530E84aDB5D0cA3DB9ad9A0F52c489a6676bf49,1
0x05202Ab4775485a4ef6242E8Ec4c86dA53bb1dCF,1
0x05067961bB5Ecc728cF2Caf6d43564f41FAf1209,1
0x04CD503A98c88124979F73E219B2C464122981e7,1
0x042cD024EC30CFadD9856C0427b22F25bc04Ded3,1
0x04249c7bf9EBAA94772Bdf3Ba029C3Bd94E99d9A,1
0x041EBB58dB319690823589dE26360b84Dc8DBC17,1
0x03f410af72e52637C10c097adccDb8022322ecC3,1
0x03Cd609d7C8C4f436F58e8642Dea529E752DEEa9,1
0x03B1793D760Db4b639fBd6ea23fAe905908A4a36,1
0x0379ed895F8b2DB1bA771ECDDEE2839E1539fe18,1
0x0345909427ecfb93aEC8EeEE38415Bd500515aE4,1
0x032A7A7E6dD81Ff4aE4A845f229E0Ee54Dd1334B,1
0x0325D1bd0547758E922834f3b5D1bf6Faa946C22,1
0x030B78756013AD403d6da6BB6fCd305E2E26830d,1
0x030050d2353CF2D1798e34a422eAe45d2530d012,1
0x02Cc8e15220c504BF31D4c531d92bF11cdD28b9C,1
0x02b73753e85B43F5f8c03F6b4c9374310BC7eb86,1
0x02699223Ce2eC5de8e2b8E326847E02b07E5A619,1
0x024CD06D84A2804d6077134dB8CBA1d5a52DF339,1
0x020B0D4c844E0dBcA51C9AB779DF0191978c0359,1
0x02008C34898Dab1925cc8D96f7cAbb8ca35B4425,1
0x01f53173aa71F5cf71fC951Dfb8245D7f81980DD,1
0x01Dd294D1b8CbF394ea8046ffaa1d1B5dE5968c2,1
0x01CD9dC4005BAEF6C9F18c204A2813f53FC56257,1
0x01675E70771bA3f69564005df40eD866E9b389b1,1
0x01407772c2368D5752c59978baE92158bB9F2816,1
0x0136B00bE94eD8Ea798F40e37135596337305461,1
0x012E868121DB86b3dAc062F58cdC797c8879Ce7E,1
0x011d67F0c5ebe651493f9d2f1d0d8945BCCac560,1
0x00cDEbc042C87C95e439E1AeFa0Bd3a8014dA577,1
0x00C469D62e6F684126a3f0B42c39a65cEC49A4D5,1
0x0087B8616714e74d681430bf4F9A1189965bB16F,1
0x0072C37F4bdCfBa172434A306B9AAF1CEFa0D916,1
0x006fbD821870E99dC3579a793E1e39508d96Bc89,1
0x00517b07DB18A4210276398fe3fab14Dc60F495C,1
0x00391465D65bE2E919E9c2ea45828885BF53EeE7,1
0x003170BF04615DBcc0A237dc7364dF6bf3Ed4Bd7,1
0x0019545C100c3441C4E9D40f24478FBFFA53fd8A,1
0x00148dE214db39Faddd9be65F79C20F3c2E138F0,1
0x000683A18DB9cCCe193b63C5173bAdDE2142abfb,1
0x0001A297d5F3812AE47015009A5583d1801DaB12,1
