address,holding
0x505216f954D09B868115B29F48cEabf5393e3faE,11
0x2e67869829c734ac13723A138a952F7A8B56e774,3
0xce6364C714bfDF453f01b0A5E6EBA500392976fF,2
0xB77e4e0a883C21da0494d465F034ae23724bef4f,2
0x8Af70EE940720ACA7C7f49aE7C0d9DC5F720e4cD,2
0x83bbe9CFCc205bb8E53cBa0b51d6db9386CE58B5,2
0x8205E83E3eCda4d72Fed34AD9D7bC989d9B91085,2
0x67Da918BeC73Bfe665a56FA22C3d095f290006a1,2
0x14dD16D788da536A217e47324393E95c9d043099,2
0xffeDCDAC8BA51be3101607fAb1B44462c3015fb0,1
0xfFD79b366206bC8F0Ab8f41429E41D4513E78B9f,1
0xFFd6f8DE4f1f2C1473A6f57E026E84Cc14329c45,1
0xfF6f0a4ACcEB65C69313706EA01Bb726c4926F08,1
0xFF36da79cf472A3d0D60f95561ADCE920514630F,1
0xFEDB83663219E603E1151A9Ef588aF40c8015461,1
0xfeD23Da74a8b7387176869a7e32342cb646c1fec,1
0xFeB3E0f50107f6cfB2EC8C2bC8287f2707E0E2Ea,1
0xfeB19F61C0507a59756b44Fd8B7237929f928e6B,1
0xfe89DE2866994F5eAb87BcEb034242316c5Db4Df,1
0xfE70187B9BFbc1ea51C816D7606A879bca999770,1
0xFE4c77cA5b4ed83Da7B0f6D30Ef50c4189A4e83C,1
0xFe4841A4615b8132E6E116A033cA39333c63d121,1
0xFe3Fd57379b65Ba4B0fe1E481e07E969153ACaE1,1
0xFe36DBaB33E154D8fC2957eE6e43088f7999eEa3,1
0xFD94af6971bA7900DD8Cf86C62d5C2646fc3ea4e,1
0xfD9346ab4695B81Ca87AF0a357C5f50F6CE5521c,1
0xFd770fa6212926783c6f2d54346D43936b413Ce1,1
0xfD74e17108ca45b149Be7abbBAfC7ddA83fB3a60,1
0xFd47587C6BD9fC5805053bAa296846Ec1845958a,1
0xFd4520753366d35E5Dc2f76d52dC58a5261eD263,1
0xfCeA0f3370b752D97Cc9A0cB9993Cd458DE7602e,1
0xfcd65b6f7B33bE781aB6881D5F4ec83fe4Fd9d02,1
0xfCCF5aEA437B4FF4D3c8b49Ff65F64432a681905,1
0xfcbE4562F258B38364D9be603Ed62641b30f638b,1
0xFCba85877f8C8dedDBb225935Af7eea50d84Da90,1
0xFCAdE29C55Af041C33011a6C571770b1217BeB59,1
0xfC64bCa6F17459cFd77Fca8945e20B6867b4B054,1
0xFc2EbB2f16f2aC07371C15725CB921f1cEEf4F82,1
0xfC1eF2C27746832A13Cf905479eF8E212a18227a,1
0xfBE1Bd93f47425f0EFf604CE171d70a80C51C493,1
0xFbd6207cAc6DC88cB28c1d6c84583930Db2ee061,1
0xfBd1EF658D4fFC494a5673B6D83D0cE6De62Ea77,1
0xfbceD3D36BfA798C3aC4fABEBDE438a052fc3C3a,1
0xfBA8414d093b0a50C8aeaeC029f793554aFad962,1
0xFB8718f6973f07aFcf9B79dccCaee819C7b66fD8,1
0xFB83147f3b035Cca8172c6B757C33417C5473e81,1
0xFB804a86d4d19cDC9782428Fe305304BD6F2a64A,1
0xfB713E80e5222F62dcf978C0859e64DcEd3bb284,1
0xFB7119566BE12046424c8C75e427F2f1347b4Cbc,1
0xfB5fCC25527491d3d3a55d1FAb273d32Af554bff,1
0xfB3ced44B94c012Cd52f783E2b37Ca9f3a994b0a,1
0xFAC219Be81D0236e4167163111298934B53a6D95,1
0xFA9C1C4b51F21a965d51f25FD82cf193A0F361bA,1
0xfA78c6bD14Dc277e838c6Cf7e3E797Fe35D7DC31,1
0xFa67af95eE4ce8b3C47fEeA6f1Ae4b5dfb62657A,1
0xfA4c4d9D58a8aea19821E9B38B8CF0BEA090abd8,1
0xf9e1D1e9F22c96752356AdFd377231528c7E851E,1
0xf981b9b8760C0127aAe9d8473028b4cF113ED36e,1
0xF94BA062308EA92f7AB3CF55c4B410339717C74d,1
0xf93063F19F893bfaaD1D194f635BD467E5C2aDFE,1
0xf93024091E567b98B264e80DecABCAd5E8dcDf87,1
0xF8Fcf0313eb7BD9AFd95f230A9C91EE74e9c6d4b,1
0xf89f0c683009fDD94F4563938d91e38F60c09489,1
0xf897422dBDCD47c0F30CF186cd65E53716852Ef9,1
0xF862371bA882A2f761aA0738c4fAfbC74A81eD40,1
0xF85f7230D69553C3Aab5d35D4523659Bc59d35BE,1
0xf83A6d15eC451225A6B5a683BC2f85bf4dc35d13,1
0xf7f742dd403BE347Cb54E4e04F8f65C45786cF12,1
0xF7C0D5e897666Ce6590a749fF1bD9Edaf7EaB2a5,1
0xf7b5C20dCBe579096aD9DcB13eb3fa4C9627B432,1
0xF7979Edf3139e557022c827aB08530a6838259B5,1
0xf78535534A53D95C24541BA9Aba00F6B0CD0247c,1
0xf7713f561a78696eCE91f6ea117190595BBa7349,1
0xf74920Ab5EbDEeC22627F4A9308A8F642aCF99a5,1
0xf7334ebB38927C01aA2E4BE9cE9c21F76dD12dB5,1
0xF7280f5b6Ee18C30841a29110F6fe5366FE9c501,1
0xF6490029f603eAfB36193a955444Fa85aDB63694,1
0xf6347862301038b721c0d6Fa68201BD510E74971,1
0xf61467b750F98B40884E23dc051bb297dbC772b5,1
0xf5b1Ae5B41Bec4AC1b6485df24F972DB899F600B,1
0xF57E2A88E4D26Dfa55f769D62CC1627c0E6D5faE,1
0xf5652F712867EaD6c824E6b242796d7d5ccaE405,1
0xf5632CFcD668C10949bA06618D50928ce5841aE3,1
0xf55ce491aeBA83bE94d0E4A046c5d13E9a31D14B,1
0xf4Ad61E3E1B617FEacEB118c780cF759ea72f1ad,1
0xf4abA8e087ab7779db1B3bB631dE11C7250C744e,1
0xF44Afc84b2B1d5391DC6f72EBc431DD280cE8798,1
0xF447B405fC7b41DDfeF3CF66EC790EaBd6b26A47,1
0xF430c10e48a5888f23123656641BFD8347a2442A,1
0xF3f78c87E63C73D9F2fF96D6d45678730c29cb84,1
0xf3De96Dd26847d877960736E426E2d852B6765f4,1
0xF3c858C337E92F049c39b61340DbbA3D29D0fc37,1
0xF3c3F9f60BD25144738bE81Da0d8EC709d6c997c,1
0xF3A77AA39264C5596Aa5F776f4Be3aa482f718aF,1
0xF39d75F3D04fec658F966B105d5d96b91e426712,1
0xf3792d9808C19638155A1cc6072cdAa8ee25F0Ac,1
0xf37132367d530fd99e77bf1Cc85c835F40e1cf47,1
0xf35f6B151F726C12Db80A6D39969A27Fa44140c8,1
0xF32fe5EeefBc95FCfc7a99258aD0aE51CbB96607,1
0xF2bE4Db62F453652A49649787ec90aB262916094,1
0xf2b11473143dC06b6a40A008A49fD00961d3Ac98,1
0xf29393374a20AF6a64C3211b208dCAF5a966365D,1
0xf215b55E4A9427Fb2D6644d6239C64ddA34B2F11,1
0xf1e2f780E90461Da9c87Cb34747Bc26A90FC7536,1
0xF1A7FdF247eC64384d20322667868C33aaF931B4,1
0xF19eB342dAFF975c357451F7612A626A0cB7c607,1
0xf14A2b515FF826089e6899d226e526af373819b3,1
0xf114CEe3a3beB8700c78dD602137C1552B2EBE56,1
0xF0d02211853fe3BE3E75313457bc7c9E4EF1DD47,1
0xf0b9a570b335fE5536e2048110FB56cFaa8Fb898,1
0xF0Ac1e8660d045d332be4449a6D4eCaAe06Bdd90,1
0xF042CcaeaA79b3f28d4a29a242CD394b4d562Ee4,1
0xF04092D1E7b36227D8348783a95CcA4077c9436D,1
0xf026a6992993F55dd59500A6faD32DD4D4C82042,1
0xf010128e081f242e463Efdd60d217991908bAf2D,1
0xeFD67615d66E3819539021d40E155e1a6107F283,1
0xefC5FF84594ebF147dCEAeB5c41079672CF0d85C,1
0xeFb83Ac62b23ccd7C53CFeb5333788EF9Da52579,1
0xEfb545BCAbDc7148Bb7C6e501AdC31C4e18C2677,1
0xeFB1F0Dd64cA69bDdeb01dA4B7c244E752ed45A9,1
0xEfA92690A56F416038Db1e8F76a87aFbbf3Fb86a,1
0xEF677FA794719512b5d732ED51AF2ce46635d19c,1
0xeF301cFA99e2Ee4662e4f86AC962a80dCA3CDb9E,1
0xEF0E1eFc3bFb70a1315Cb8ac5531860F83Fa7a31,1
0xEeFc2fDF13e0F3CEE0B5f53Fa991f111a280eC58,1
0xEEe85b55F8C6EB0fb32ebD97006e05998CbeD341,1
0xEeD7F9125e27836f7cF0c7Fe2Db0639820aFF117,1
0xeEcC5F5c0704C516DBB832d18B988a11e364637b,1
0xeEB60C8dc1F2c4384710cCA2Ec6ed968EC4fd4E2,1
0xee4D078F9E4BBdDe3B951284dBFE7c458Bd8C7BF,1
0xee206E05D50783b2d5c553A56917e990a6BB6750,1
0xEDbf72f88E72133b10CdDded385D2b0f7b27f588,1
0xEd99149D1B47a57DAa5397D4B95B2768f583E5A3,1
0xEd6F695F1Db79428c0aFeB1697AB3B553a3a7CB4,1
0xEd6Aa751E97cB573Fc06646218F83d5281FDa8ec,1
0xED1718Ee438163BDb18ea3fDE32aFb36A93fd3B6,1
0xecF45bD5F784D48E842ade30e1DD31a66d907F22,1
0xEcDA66d8E3038eBc7766c5C70C8A1973F08a3f5c,1
0xecCE99b4b41a8b27dC280cFB2ee5a55ebCB861Ba,1
0xecCBacEfBDDE4973A9589ee3B5A8149e525016A3,1
0xeCaCF5FEF2E6c1F662101FC784d6fEc26Dca5aC9,1
0xec89eB209a7c3B1a77e184253F3676F50129acad,1
0xec6c0B4ab93FC2115A2747d562A425948f8C0e68,1
0xEC5bddb1D987d6Bc5b400107b305794922e64b29,1
0xec48ec785B6Bb8f298fe4F4a7868ac4F679E4c39,1
0xeC37E60a84708EE22E8cd275c8C6bAAc6A8421f7,1
0xeBfc2F6525008e04FF18824d6E1748eA8f2e4aCC,1
0xEBF311E46022Ba152458d2ECA4c46041aF6417a0,1
0xeBe375A15Ce8FfC37c817Ce2CFDd6b84906b332F,1
0xebCE789204e339490F3fF1C385B93Ca81F601365,1
0xebb460c815A621F3f89858a28729471E4bD6987b,1
0xeb6F73D3C139e8F53d2550c54687C58B917cE78B,1
0xEb4413d6AC1b0225523eeB00F1Dd4c1d733621Dd,1
0xeb0bC3c0cF1901D03c5721F8Fa93137f008e6fE0,1
0xeB05392a28bf74f2339A06C9a31A46117e1Fc248,1
0xeAf37cDc3d32c30F3Dcb35C43c81740cF3BFBAD9,1
0xEab804590011d0650FcB6c4Da1870C6e9ca062D1,1
0xeA593FaF961828d8FC317C92def4be75BBa1930A,1
0xeA24918a807399a819b74E30baa05f0375Ecdbbd,1
0xE9f2A91b26b7B11593a7cBcd7627041f20cF84a5,1
0xe9E38F23644B2242e49d2c94aA99011F0abA535d,1
0xE9c533A09D01E2E0dA446a41346F43AcFbB39012,1
0xe9a830AB84558DA8Fbb7995306bDeDa3F1f6D1DE,1
0xe908c2D5613d24D49E376f19715c795DB8E04f81,1
0xE8C9F894A1Bd633A0dD83AC48990307dB07383E3,1
0xE8C25cE0957110a7B92A2B1b03D1c27f6d21Ab67,1
0xe8C079eF126e13BDC8eD5C66af904406EBBA8184,1
0xE84f05A482C8C872d0327C1E61C95b4F5a2aFB8c,1
0xE835a15900547dF992c5632e0FB94e833CAf11eb,1
0xE7f71aa9498FebDD9Dd33D336670e86d85850688,1
0xE7Ef3FEfe71b2d0716C4B4971853605e7799cC84,1
0xe7cFA7b1Bb961d30bec8CEb604632C41C322De2A,1
0xE7A30c4bF41956504B4350f481d4B5a31ced2c75,1
0xe77FB6d4a9d94d919FD290f2EF1a21b618Ba9EB2,1
0xe70EB4B69DD109b849c25dDFfbceA5AC2649aE04,1
0xE6Ba1dC813b3E50F58dda0633Ff96c2CaD0570b2,1
0xE6AeCFDe0D56afd9E6eA503A02E11e1D3690a6B2,1
0xe655C22E88C7443F2CC1D76d6b83eb6bd2b15013,1
0xe620C12993F31077d63bcD44D1C5d64C0790Eee8,1
0xe61D0838e3caD52037bA95fF8D9768AF43070279,1
0xe60DcC075A1d4f3609A36993F2d56537FC25e795,1
0xE5c853441f1336Ce456bFB2Cc459CDAF6531C2F1,1
0xe5C7B4166d5cFaa9cAE93048cf683F870Ad4faEb,1
0xe5b233385AA7962209430506638eaa867F3899c3,1
0xE59f4a315Aa1d99bDD32D999BD265aEE215c6Cf6,1
0xe568D5DF4A10D274D2a21A6B93b0257Dd4AC197f,1
0xe53085d26544dAF3BA8f66B2D1B108E285cc51f9,1
0xE4c64CE63D4AEe584694541eBFf89bE8aC555091,1
0xE4A7fbFfbe121aF0E615437c330Ed0Adc05094F8,1
0xe498e919dc961700c8d0F4a507344467A49609fa,1
0xE48Ac58e79Acd9C722Fb52e5452C839369b53299,1
0xE451DC0948F33B1261c585f0DB84cca9Ab69F3A4,1
0xe431119b2248c43f48B09E93E931B90D7Fb2EEd0,1
0xe4143bbA9c4D860D95Fad88eC5fc692E70551BF6,1
0xE408f26f1736e01de557477dE132b1cF58B729b3,1
0xE408D65d495c567aB246E7c90F11d15d96c1738D,1
0xE3F5Ebab783B3284120ADd823E99F07efA724742,1
0xE3E5C5e3dcE459f80AbaFBfDcb3d0788aD5b767C,1
0xe3b6A486BB7143246f0ab52f1b64Aa9A381C86A7,1
0xE308529Ac754465e992aD62d7A3E0abBEc0ce7CF,1
0xE2f4F9BD081359DA51Dcb8977Fb46BC5EC05d842,1
0xE2C2bbAc29a8991C21D50cFB76d56Ef455D85157,1
0xe291F31162AA140e1C0E36db15ea40d74550eE5d,1
0xE28033a9BD54202d5f2487dd2C8518F48f4f07C2,1
0xE274323A0f5B2a3DAB72584D3dBF26f4c9Dea3cc,1
0xE20e4722f01B6E78C1a7D9d1b9De7576e4e2d11a,1
0xE20C4225a967a12c40b5CAC343CA3EC7D09a2f48,1
0xe1f9d37E3447505CFe53F9ec50691a681Fc12815,1
0xE1651dE607A5835b6071C211EcA3d9b9e1992847,1
0xE16151D8E8B1DAE031D55cFF4BE441147BE1c811,1
0xe15EBB6573496FD6860f7194285375FB94C9A7C2,1
0xe14223F8b4ca2696F8255606037a48E6497178Ff,1
0xE12f6bC440a250FAd9b60d07eA6E781278570349,1
0xE0e0d239853c5F2Fe0a524d544eC9eB71fef486e,1
0xE0c255569751c7aB0F7CaA0022869095440ACafe,1
0xE0BBA9ef3bD7FB5E875Ec21F72ED5E021F68195d,1
0xE0b4643bB55D533c2F22F9F3aB419AD19B5D9A72,1
0xE052B7480FaC82eCED3630C5256e6b4A8d99a0Ee,1
0xe0527E66ED8C7e372007DE0d65A5Eb45caC53e07,1
0xdfDA7181EB27A69d897E82cF96C5BcbdC3c059B0,1
0xDF9F0736fe9D69348Fd4aFEA42EE15AF5810Bc30,1
0xdF8763126b6bA0b5C7b155db801d1a9146744918,1
0xDF840eB4E4881E1D14db4CecE2c451Dc945d7407,1
0xDF67d976307886ec39573EB979B1af790aEA6787,1
0xdF4b06eE39d048C3FC47b685173053dD90A65319,1
0xdF3Fc155A11d3D3ed23D6A304f340b617Ba6336E,1
0xDf3e23824C6b35Fc005dB2951396669e48bee106,1
0xDf016d49Bb059b6A1ec651Bbc04c54dE701f5C47,1
0xDECdAD605178cc9a06eE8C311AAD83507E952D7f,1
0xDec584861c6B4D566EF598810c22a00FBF082022,1
0xdEBE6b035A48FbcdD7202a23eA3f8232511890D9,1
0xdeB679F97db9C8cBE0fAfEf1e7d7B5b68814E973,1
0xDeB069Cc3B7fc6336C923E4bCeD39cF151b26820,1
0xdea56226350B106239B354397D12B62F359d5256,1
0xdE78A3ABb7b2Ff92410c6f82c588015d6a78d988,1
0xde5FB94934d51461430751fA90f5b347C62E8735,1
0xde0E641ce9358201F6604ea2a3224FC899cAbf35,1
0xddf7048E15c1E1B5E0877c7ea026BA06a2466271,1
0xddb0C82Bb517EFa220A020eFA6e1623e9C676646,1
0xDD7f04A038F87B72bCeb00f89f27d7986fC79E51,1
0xDd7e681522E7E8A3Aeb051360efABEab55BEBA2D,1
0xdD65C5E9d1D4124A4730A9BaD9BA5784F9B1d1EC,1
0xdd06E436e4F37f38672fAbC087c3171F304AE187,1
0xDd00aAeBaa7b3F5F7B24c6715ff3FE8d8913958D,1
0xDcF2A3C6187f927D2Ab51eAe870f8905B377fa86,1
0xdCE04f7b358d185d53D958B3ff4cBA7092C9632a,1
0xdC9528e73f770C93ed7895A2928D52eA1D18E1A7,1
0xDc8d910c09Cb0488C9cBCb2b70c63DB36C23266D,1
0xdc3F2a0D3dAc8f38Ef8aD1d8F1Eb7fE5Ca4c8201,1
0xDC2EE029Dd7E6DE5Ab7C64FfA894dbf1C1aBC898,1
0xdC06D8EaA3dC6C68a447849EDF0897E469386E67,1
0xdbFF52676193003c5293A91B243da80892b94Df9,1
0xdBf2Cf42Fd6F5B96D417DAD1a96366B6C43d8B2f,1
0xdBE5d82131AEa0c005FCf42D43228813F3537424,1
0xDBB26d7CD0E27816b476ca8B4C54fb2c9ED89EdB,1
0xdB6711A25B87Be3FF0715376354b00fC4B6Ac58b,1
0xDB432d0Aa38ddD4eCc0D9E2B41433a284BA1d14B,1
0xdaE6ABA5Ef782FBe50D06eECD874cE1f75941d63,1
0xda8C08c99f154874144B193fF50c3272b952920D,1
0xdA7f5E14BbB16655B300Af7AD178c61A6D6F9E60,1
0xdA763a3D91f7095001C04942d7f4b466be8D1e6C,1
0xDA4e257275A686592a3Bc7c43Ab94526086ca281,1
0xdA2ec5aD9b89fb663f2a7E5eb3149570E2e59362,1
0xD9a65720ca15fF6ADC30e431A7A2c4c364A397e8,1
0xD9A5B8c4428DB19C54611504c021f11204140Db9,1
0xd9A1699e69D0C0F94f4e05578Cc048365Bfd4735,1
0xd94A01D6CB05388c1008415EFAe38Ea8c5E4eD73,1
0xD91A53803DfFEF52d4f277E55Aa97aD35442a6fF,1
0xd8FF36BD818BcAE0278F0904D527206363795082,1
0xD8e256E94669ebc7f5B26197BE4c0b153F33f2c4,1
0xd8Cc331F67d806796319A1F0Cb65d33C08bDC1Cf,1
0xd8c31BfE46800DCE48e0372C77A637b945060310,1
0xD8B943297961Fcb26b8Daafb47b370d7F62C66E5,1
0xd89498a627EBFb7065eedeEdD0b79d0E87472EFa,1
0xd8844B1661e8D7f22eb34FeAeE49b888be3f7f9b,1
0xd87deD6b0e47C668478C32C8DF8eFE56331E45e2,1
0xD8746D9719Fb96bE42308b0eB9D9B8E91334E029,1
0xd87120aA0E9220948DCC3D207E0b3df2e4Ade1b5,1
0xd861415F6703ab50Ce101C7E6f6A80ada1FC2B1c,1
0xD8430211a7FE6086bC336A3fF9bdBD6Af5D2433F,1
0xD7c72a292198ddFe9d616aB390aD791aB612fD7B,1
0xD7bD783b57Cd6201CC0A9d736c866223b57e02ea,1
0xD7791F66ae8bFE55d43EA349eda61a3d3F23daED,1
0xd7385b0e6db877731913e0568dfC2F5e7B1202f8,1
0xD706Cf104c34E60627a090514F1a5Dfcea51F05a,1
0xd7007Ce687E466aDa695Bf7C97A9a7Ac1784270C,1
0xD6d190a79Faecc78cEa923702ee06221731DE0c1,1
0xD6Ca66a00997A2038A6DC7304131A40F48268f77,1
0xD66fa7a53803E34fAd9A0eCbd52111E93d0B3542,1
0xd65e16cCE54814882735CBE9770ffD616809B20A,1
0xd5eC5C9cda4260A1774d23611999a8FfbD1DFFdf,1
0xd5E0C4Bf0074e179de516aA64315F4c4c8D37F41,1
0xd5272277ceeC9963b3f95A07DA11508FBc06589d,1
0xD4fCac34462b27AF60Ba977aD1bC492D16159b92,1
0xD4D80071a6E5FdedA91d140301502B9121aDD675,1
0xD4bc689aCa0A4a0A80f6C144f0030378C2652621,1
0xD468e6636CA4eb538ae381273cB3a63489Fb0422,1
0xd463DE4585eDC1145Aa453315b7194f97Bbe4Cbb,1
0xD4448b10027903e6C3524DF291862F30350be969,1
0xD3DB41fC7bb9F8Bc45a41234Ed58Fc0019458b0D,1
0xd3b89A09b3DA0d6A49c72Fd508805312A5080774,1
0xD36DEe9bc3f42bA57e83C1cB2042f81370b65087,1
0xD339dEba98E1Ff83DB99d404aCf160f0Da39e5b3,1
0xd3121D95C4a5B47684B3C3520E87127F713fc62F,1
0xd2dF79139aFc0C37dA40FAB2A4e8638E30154D3d,1
0xd2B2f14e25cCf9e7D62611586c2fEE55bd96436A,1
0xd27b3dD64F1d939b65d2447DEeC58cD099d97806,1
0xd253eF26Fd07ADec2372C1bFE31e30519C7bA713,1
0xd2507077267BE657EA6F9eF593C4a797338b8d0a,1
0xd2210a6E3a4225D1fAED02C2E61FC49F281B5773,1
0xD21AEb00d9501Ce0EA2FD442BCF3Cd8DdB6de7Be,1
0xd211003896b3a31586F536618d3D14D9dC79Fc84,1
0xd1Ee3784a2B2b259f4bCd3080847abbDEA5f4603,1
0xd1Ac48617D2a4d55f9ff5462db296ED7F3381A27,1
0xD1A90CdE483ec18862553Dc6737EA7d6bb46bE51,1
0xd1713F309aF4c1d8eac70365472FE74EEE229A9f,1
0xD11d74306e28369d0347cE096600CEB1395BDdA7,1
0xd118398194C3A0Cef2A10E385fed11789250144F,1
0xd0cA04C0c19AE8Fd63e282598A2D9b802E84E593,1
0xd0C7a59e3Ce5a289b553ebF7659F5C3316eCFBB9,1
0xD0c6CcEA1f0a9C7792aE83dD8f70348d2BAf8ae5,1
0xD0A5343c85d04468C097ee51B3406b0c0798a73B,1
0xD08C46dE31E9DfE1CAC26033A77962dAA07Cd4fF,1
0xd0754a8559E784289f7AB570dba47caD9c30B69b,1
0xd010c9b30Ae5761714E85aCe355D42981dCD72C0,1
0xCfe99e4DAdDCf2C3D0666e7b23ffA0766B1a4C84,1
0xCFe3f9534dc294430a70469f1dDC5553Bd0D93a3,1
0xCfD7Eb22dF95457Aa171ee800f3f23e5Ce480521,1
0xcf7e13B1a8C2E966da29B9bDE66894A2B03C1817,1
0xcEC96fed4B9866fb3C0CaeB5a9C52Ebc693f8e53,1
0xCea161291E8e27c9aFd23d14086D6D5FA1967380,1
0xcE9B627fDe0Cc98F4221aD7b954517389A1C84d0,1
0xCe8DfA055e4Cda45E98ebd26718ae9E671c120d5,1
0xCE804e812D4faa1D5C169a1d365B9419c7217250,1
0xCE4a41fCE5Df4cb141B71b2cd978563659529F96,1
0xCe3647fF6fc5A00Df8B6DBF8DAE69dc86D11d86F,1
0xcE277B5600d1F973c017A4D4b17f6eA85330A50C,1
0xCE091c5a7eAa27488746D7DcF8a1F048bdb9eE5B,1
0xCDFCb06D537F2513c99eaa3B33F9eA6e0D4311Ab,1
0xcde3725B25D6d9bC78CF0941cC15Fd9710c764b9,1
0xcdDCe70fD894e38648920Bf45d6B350e543dae6B,1
0xcDCD7cD5aFB093011DC31e990Fc09bbAa7B381D3,1
0xcd8Ae42fBe4A619A3A0328504761549C3b1a2c41,1
0xCd6c653FF9d56155a30A0C4b5Bc67C69388271B2,1
0xCd29F697268883e568fB8E34173782F4b03bD835,1
0xCd22B8eC5Af086Ea670f700B039520E30AcA2ED0,1
0xCd0D4CDb238Eec15Fcf4ff9d13d5a59051E507D7,1
0xcd088E347aC400327Ed62494FA274D5E69359FEa,1
0xCcE05dbfB9Cb6Abb1fd820ae1e8eEeA1fb404018,1
0xCcd95A8638306f7Bf6840280fa82354278AA8b5F,1
0xccb59210dfd52965cbc43A40905d582E458eCb8b,1
0xCca157CB3d3E0D784cB1B91221Ec2a5A51Ece570,1
0xCC41F0B58b277553Bf416f7015B3301c965AccAF,1
0xcBE99600be6f02f97Df92A3a5C483E939C6e2bD9,1
0xcbdcB14D4963a045d6517A89AaB07a097230C9BC,1
0xCbD680045FB7125b53ccecEF487e5e00250e322E,1
0xcb9520C58b63AF30245ed498a63ff17fc7B6E319,1
0xCB7A81242e795F46e28e13b6E85999B21c6fE2E6,1
0xCB3635373487e96E44c0310819C70f1D258A4256,1
0xcb1587a01d12E060c548712a01dE54fF0C7AC0b8,1
0xCB04843cB6a230884739b103819845Ed8f0174fc,1
0xcADE76Da0F44F00Ad2c27F8e74A333ae084c9817,1
0xCAcD4783cB406f7c6A5145E7c10655faeFb55CB5,1
0xCab19ce32B92898D572aA4261e4a2b968A0d273E,1
0xCa549bEeCA5e3fc2af1B862B49713C58B706CdC7,1
0xCA33F4D72a151e382981E55938db19EcAc5b4BD6,1
0xCA1D4Cc015E95d0B46c61d0149F41FBC5728D5E3,1
0xC9fF715ff5fDE21a10c8054085a756ce098fE896,1
0xc9F491C230B4e4137C98C32978C1392Eb3169BC6,1
0xC9815087331eEC977AbD2Fe1b8153f6dD385cB89,1
0xc94f45b13d637F1466fd3F8601036de5eDfCa92B,1
0xC8D46eb7881975F9aE15216FeEBa2ff58E55803c,1
0xc8C4Ad70435951B6FF18b9A56a9801528FE632a1,1
0xC8b14Ee651133912b58D3C1e6e5f90e5246bc398,1
0xc85cd32D9a204CD933B49CE0414BEb8697e09741,1
0xc85C8Bd2B180427aE361899629749666F8Ba34D2,1
0xC84e3e262F34bEb3C4b665766833d6b416cB18C3,1
0xC817c390e009114686d35765fB8acFF44f267976,1
0xc817810E90cE99C24148E48f66fC91a38770B892,1
0xC816d3383B211Bdb1e878e0632Fad0336d6d5Ff1,1
0xc7E8921d5Ed0665Df082D1a4703fE401Aa38024F,1
0xC7CBBe0b9B11A297AD3a20A79aB2dF71aFFD0F80,1
0xC7a7a3B3Ff35d304D40942768a8ddB95Ff142C05,1
0xc77A81D694252209c488759287DDc5291eA5cd68,1
0xc67C1D7fB9a8b1143F55c916f0F64de0dE159cBc,1
0xC608F703e6a88e858104B24E6Be99ab7EF7ba8d0,1
0xc5892161105D2b8c66312D3EDaDfc9d1a23562E4,1
0xC5867A1Eba95eC497e4001DA7AeDF7ee25719EFB,1
0xc560AA9AD63c78E65b210bD0eD809bb5aa3911f2,1
0xc51798C0Ddef98A97720475A10B1E27892207Cb0,1
0xc512Af744592fa318A2eA89b807df9fc4b12F637,1
0xC4E2b4570fDFdf01870470472d276adE4891755b,1
0xc4Ca7599d25F914809eB35d176CB152EB2853308,1
0xC41e6D6c2Abc131A48D97621D8804C95579A47b3,1
0xC404Dc31Caf6aAca76ec2C441a19F1fEAf553e40,1
0xC35D1124f56EEbf9E727C04fc678191D02df9A09,1
0xc35613C17dAdaA5559B79007473E16eC8b4708BD,1
0xc3394340421c6656880A52Ff1caB0f2c4214B507,1
0xC30EC0BDAA07e2814C9C98620497752DdC5073Dd,1
0xc30BFEf602FCC940Bcb102aBA91A60FB952922fd,1
0xC3057B4F07e20CAaeF063075D05344C9a9E0452e,1
0xC2eCBaD563eD79af01b0fb8FF36e34543D134EE8,1
0xC2E84669d20fcDBCeF787e471DA367D39047CBaC,1
0xC2dB9ADD12BdD367C00A68C91fc4ed2a324Eb3F3,1
0xC2A400609c678dEc59a08dB9FC787fCC6F357249,1
0xc27BFbb6eA03CF25704f89DF0a2D967bFa1a99dF,1
0xc26e311aef88612335B374e9f1dd8f81548769a9,1
0xc255DC567FFf6921fC0103093978936A67D4E6a3,1
0xc22b9AAc77d506B20a7E7d6885Afc6D26474f1Df,1
0xC1dBddD0f2976af78C46be8Af40191e284E91DF3,1
0xC1cEd7DA513f7A2e978E399B486A7f9d57986FE4,1
0xc1B94C5851b28FE6C8C55f12C9Ecf325F2f86B89,1
0xC1AbEf3Db6820CffBcc4fF17BAC0e9222263Af42,1
0xC1981D3c7f0dA77c42BfCa91CDd995E44b8150cA,1
0xC18567C8e5aa06C3689551eF08308b73Ce76Da7d,1
0xC177EFAEB3552C7cA175E591ec98B2c3EC200F43,1
0xc151071Dfd5b66698B5d6B55607A63B9daEBD690,1
0xc05BfcA4Ba08a70d6fdEcCC8C8d8a475A434fe9e,1
0xc05b6d1CfdbC246926b6f2CD19fDB18e450e07d9,1
0xC0566710E5c2598322838A9b60fc9f26F838DB5d,1
0xc03Cb072509E1F450c0f47C5fCeEcE584462a01C,1
0xC006aE6f1e68cf128E63e353732998DABd81C0e5,1
0xBff06a21398CD3a13dc1A1d989fEDd55d5c11b6c,1
0xbfd620759BDf456258AceCc290415f7345a43bBC,1
0xBFa9DCD2ffb681e1AEE3Bd191154e67CB4739Fd5,1
0xBF72Bd2c97aa7Da21c971a01f774eB99BA4D1d32,1
0xBf185C104196BEBb0F154B45Dc4A2B2d4E7F8753,1
0xbF129620Ab73616b15cb4e836Be3eB2B79Af3d70,1
0xbF110beC0ad59Ce25faaD8AeA4E2671422996e31,1
0xBf0a2f317b26758f9D39498cE033c33d44668790,1
0xBeeB32e8e57D4E9E726960Da3F6174EB1C96AB31,1
0xbEe518cc0bfEa2437CB6fDA477001093a6Ef3642,1
0xbecF6C00E5CDd516eB4213E8744dbA559e988B38,1
0xbEC382149D10Da160d9E97F27aB51d81c52d00dA,1
0xbe1999EB32E74b6371AeDeFDDDEd9bCFc598D132,1
0xbe0Fe1f0878e3f5b424c5854dD0Cb1E463F656c3,1
0xbe047A44b865854A8E7b108e1bb1b51DEA20C796,1
0xbDd677D469dc4A7b7679184F71Be3DEf6513Aca3,1
0xbDA710801342531aDb023df62D6eCCdcEe893d5A,1
0xBD7E9d48169Dee88F2Ed991f343F41E13a188ec2,1
0xBD5D55F14810C25f036B72547575F07952F588C6,1
0xBD3a46cd2e462e5BD7b89c6E2FA5f32a5F67DFAe,1
0xbD0F43868181d1C399FC7405fbc46725b2F7ab17,1
0xbcFd5B70c3c85fefD61B3418e8Af40709D06200F,1
0xbC7B5142e390BBaABF8826dAE7E1ef9C609Df327,1
0xBc772DD9Ad31fE709dffB420AfAb418593289613,1
0xbc71063446773B718a8f07E091d7E1522653F89e,1
0xBc525c94D5EDD2AbA3D5fbf64B5039e795b8d00F,1
0xBC32be4d2c70239b59435A5963e5024637FA193E,1
0xbC1290D0419beEE30F0dA70235076195A21694AE,1
0xBbf1ff8c350717F99C91Ad5F3B28DCE81f72b406,1
0xbbE3F35A9A8BfdB317Fb7373b1A2e4859E292535,1
0xBbc4333aE20E1A3460B770a8a229cFE572909F3A,1
0xBbC1ad3289b0129151B2792826B38f015C661F0F,1
0xbB9AD3062c536c70217A3933Af33987730C52602,1
0xbB63203FA253B667F1d8D591954F5a14ba5613E2,1
0xbB275BC9b220bdEc24bE11D15537321332bCE9FE,1
0xBB1e3eaE91de4353Ad165527F18C832b76F6Bdc6,1
0xBB12CDC2d33cd76BAf657368F4DA59bFA28246FD,1
0xBb10345C0e95D2CF5C6DCC8c2420F7B1905158B3,1
0xbadE689df4CF7abD1D527BdebA0CC3404e12e2E6,1
0xbaC9E9A7107480F32B16a0547cE37205E1880700,1
0xba8765802198e5c19F2BA8fe9b0dA2B225927AAf,1
0xbA60f3a3e8753E2Fe49A4Eb0D9F4767b349307e1,1
0xb98813a1469cE6528393b04C1f32aF4E58F92803,1
0xb93F80AB5c2E98cae097eDD96Ab8bD120F138813,1
0xB93D1F5352Ce538C1D13F9deB08C67d2cF1A4c53,1
0xB92a8d700b990ff8CCF5452394474E09E46E62E7,1
0xB8E0c456Da53759D377D84daf95091EA0bcF466B,1
0xB8d738D819e43283257A8768e51850dA0469493B,1
0xB8Bf3c32bdCfeC3500e6e8345e8231A579Cb8aAE,1
0xb87F1E64e409EDCC1a08189522c91161De19FaC0,1
0xb873312EEa2b9F07e73f3dF5f628cF4e01026632,1
0xb85dBCC0bA7342D97ef4D07C44bE497ded3eCd93,1
0xB8542377534C1075A9BB535AcbfF6dD560a32799,1
0xb82E4d1448CE1B4AB29aCE7C04B5C0427F632b91,1
0xb7B41BA75A5Ad147e81F50fDEcE9236445803dc6,1
0xB75c7dB0893ba890e6AC023b6a59D9634d0434af,1
0xb759347ce31b42287bCa4806ab287e587Bee1D51,1
0xb727Cdaf7C727bE131834C6a3c41587EffFe25c3,1
0xb70b00cC8D5c1430F6c5123e73c7107f88635aDb,1
0xb6F898a451383d1B1a909a93A9b12681a3c8581d,1
0xB6f5D4EA633bE503801360F4d954f2d3E99261e6,1
0xb67ca19DF4d2f7E31Ebf4dc0Ff66Fce80280914c,1
0xB66eD94bfdE5081576d365046453b0d325AB26b8,1
0xb5e731Cc68350fC31D6524AE9e27699A2791b84A,1
0xb5DEdC73b1f7Ef79C0f2f0db67cDAE982030027b,1
0xB5DCdb61047E98d8B1b3aEc9b9C2B91377002f3D,1
0xB5D1C17749985F8Ba6F17dA81CE42FcE59d9f9f7,1
0xB57FE62d1fC6c08B7984394ADEA7896623682edA,1
0xB57B0713B72CB43a089dce420db9aAfAAa91be8d,1
0xb53656B16A86bb819D4391A2d69110eaf9B0531d,1
0xB520930bf5529BDF6D42d76Cd6F820145bA3ab6B,1
0xB51C9Bb09d61286E126A5C3cBf0c6B29d36C44c2,1
0xB4e97E24739BaE193a7eF041f110DDE8e7fef754,1
0xb4bDBb47FF0115f3bab7c971847A04b78c729F1d,1
0xB4BBa6864f812d04313936911431Ca2CDa9f8e82,1
0xB49c63E552e330A66FF882Ce38406CAC9fF30D36,1
0xb48a44CDB44f9f9681f42643De041a2867D6c2B0,1
0xb45Fba0750776A66F408C55A159A6b6D79f1e57f,1
0xb44bF72510cf3fF387B50F9656c28b34ce2c54f9,1
0xB4420aAE0aFA0C948B31D6C5C0Bd00a887c8F6a6,1
0xb407F29d00e0B824BCC28bD2dceCc7dF0664532C,1
0xb40705241AA62d5F9FDCB0D2eCB0D4dD86adc30E,1
0xb38b0F20f1a3AC4289DB19a462ED658360969305,1
0xB385D3940e5Dd6f021619C70F7223c904A38D0f3,1
0xb384d928B3F4534DC373067432C7faC1cf5D1723,1
0xb379DD027643e23df9762A7dd011ABF0c0DF95F4,1
0xB359F9E770432339C9b112f9934cea558F8230Ee,1
0xB34de6FAAA8234f7037077Ac2C9dFe7E12Cf1B74,1
0xB3482723B8B515200a8764c5FA2F5721DB2c3244,1
0xB3117A19adf8966D38b0c66E117F37497B86f139,1
0xb300AA30dD33e1Ae849Cb69FA23D6Ddaf90a69BC,1
0xb273d405fADA9e78515DE239474E45666293ce08,1
0xB1f8Baf8c50D9Ff4d96B5591a2588237Ae90589F,1
0xB1dB513aC47E476944F392D8E047E3A0A5a5FF9C,1
0xB1B65c40B33aC2D3eba12261F45D5C4e25856A9f,1
0xb1567DE93185025FEB660BBe8EAe222bEAc3C1FA,1
0xb13CE6ec056d0d994c424e47a07C51a8C2CFCc4c,1
0xB0d581bD1E9f0d4FAA1b3579F20d79013B41d4D8,1
0xb09A0b8C795df0A74383121279bE6aa1f02E57a3,1
0xb0776e9f807Af77e8c7fdEDB386262fFB2CA4055,1
0xb06145Bc400005e39509A43ca62F521476aA7D4f,1
0xB0241bb1A040ba99604002FFF03DadC3dB472C7A,1
0xB018AC399491B9320A456ad0e696D2032b6bADD3,1
0xB0131f9775be0d4eD66cC475B3C515A7e1F5d26a,1
0xAFE2b51592b89095A4cFb18da2B5914b528f4c01,1
0xAfAEbc58C7b7b50fA32dc7033D0c36A67aFC1E8B,1
0xAf8E00633707e69b614dB781AC2706b7c79Cdf91,1
0xAf72a454d6945532441341E917669462B88c5F08,1
0xaf57e2f2259dc7cf92779e33BF4CA827f254Cf22,1
0xAf3cea44C410277Ea1CA3D8A392AFfaD19A94140,1
0xaeFA0F6cD031F4e5a3E88C61602d7AF1b9E0919D,1
0xAef374ab1d38c4367eDAc2259d96Fb00f5A6f3e1,1
0xaEEAEAd3f1811A229961Cb488fba7484c6923ff8,1
0xAdD931379c2df9a2849446F9735690c30279Fd1f,1
0xAd28156B17e658A4d7b1CBeF01bee22ABc0eBDb1,1
0xAd1329080628D717D8FE440Dba12C364c0CC6C91,1
0xAcff90ECc79fE2775B49F938501b39998802A4a7,1
0xacEfD61C42397083ba060De0580fe1600f1f766c,1
0xaCd7b8C36ca5270435D66f4eDE10c7C76AC2f286,1
0xACb8c9DfE1B530155BcDE8F18d1808559526Af5F,1
0xAcB4584F1996aE6f76C358C0606B5F791E8131c3,1
0xac9C2099a6a3b223b32A9392Af6fa7c60D130C9e,1
0xAc7E3EBa90527A610981E204740BDdb81D63aC22,1
0xAC63D7D9C4E112feb40D17a89a7874dB5f4bD2CB,1
0xAbfc07De04D41297569b054EbCBd2795b6156c8B,1
0xAbF5cBf354B338b6a385E8533037fA93A621d554,1
0xABCce04E7BCd87f4616e115Ca9b2638c18F6C89b,1
0xAb97280FA53539aA03A000f58d4B8D44fB104451,1
0xAb66C8289C4A818d622D8d26A0d09BA7e97C936D,1
0xAafD92712984eC986598CAC484D4C3aA8306B7F4,1
0xAAf80F2Da31d224f2d8909b4DfDbF15f1C340BEC,1
0xaAc19D850C2D2a2687d62459F55c3C25AD0178cD,1
0xaaB3B31B0eAbD268Fbda416910B230F23a945F2B,1
0xaa8BDB60eE28E7616Bfe4867f58BfE4EDF858271,1
0xAA73C1873fbad2bfBe13c5bC4E4F4C7FA48154A2,1
0xaa71d845e6Da88069f69e56bE7421a77E2fA87b2,1
0xAa50E1E1A631305AE6bE3bB922e992BE984A9517,1
0xAA29Ce92a32a93972b4EB3622Ba93482491D9f15,1
0xaa15026DE2458c691C7C1Daa836d079B93D31859,1
0xa9811f9f6B8bCA7f9F91f850A98310e63FBB7326,1
0xA9416735d59819DaA461E2752604ae9722e1a0Ae,1
0xa92f4a523D8aE3C37e4716b89D05bF57862cF998,1
0xA90922020B52769d82bA2Bbdc974E35e8831DE75,1
0xa8ef1065B278D56C319F4aC388e98231b7523ed7,1
0xA8D70d963cc2784Aa405e288c4Ca70D68c76397f,1
0xA8d55E9f1dBd60f7DA1Fd53aD9e3A4D559f8E5C0,1
0xA88A56786c8d1d63D0735b6018f623a6aAd84aB6,1
0xA878150E31b3e7d0418A8B5fFb88B102c7f7b289,1
0xa85bd2bfF15565B9653FdbA9Aedf355d5352dA13,1
0xa7F053d0a4dF46577428B84Fb3A59e98775eE698,1
0xA7c7Edc67524091B6199DfC533b7fe28111F2009,1
0xA796F51e382d6a8a8ccf85b3ed16917367E6a790,1
0xA6F5A416e27F54fBB5Ed6A5DeB412bc9A7AaB8A6,1
0xa6d06d61efe823F0b273f88c6bF282F7E768f5f7,1
0xA6cAb323B3780965A9B74D594e5D87eC7Ea8F799,1
0xa69eCCe73875BB637AAC51bbC6785f7c22e5048F,1
0xa69BA192E3C4191119526dEe26f7D807D77d0F40,1
0xa6942690dc510e083cc0208289890663F11d7c13,1
0xA64E694e83951E65094B5555bd921105EecBbA26,1
0xA64E579e63Fb327408fC8C034F506832E34b3E40,1
0xA5e6914dAC5C5559E78c96e8C9984DcdFF162968,1
0xa5b58d2d78a53716d3Bde3A6a2cE1cf14C31e155,1
0xa54D6FD8143Af647F49D57f98db806376040868a,1
0xA514877401B19d76A6e7D689CcF5B27a8bb91d5A,1
0xA4Ad3e1772706ef74A9781d0f48FEC8bBf93bD33,1
0xA464f0d92583a3453AFfEce21aBD8bf242c0bBdE,1
0xa42cb879992060C937101Fb9194fb87317Ee759c,1
0xa406A8384F729c9c2C882b64FECA4AcA82C891d4,1
0xA3513E8dd744Bc0095A8Dc1FaA22c8d74A088F23,1
0xA34a89e0ABAdC57858a3B693fd243267c72A1563,1
0xA33851699bD835BCEd094Fc09a0b042dB25ACe1a,1
0xa2e23adb34d89368d5803A42C749714528855750,1
0xA2c557EffC50Fbd15921Dfe5D33e645692336d07,1
0xa2A45D50270d68AcFF6375464F56C1c108dc6a8C,1
0xa267a848eAbc5cD41c8E56bA4b58B10fACdAfF1C,1
0xa23B2E1a64111a2Ef8e6Db1eB8a7fd7a66cF7bF5,1
0xa218d0cE0693C41a96F58667ba34f5f489E75628,1
0xA1D5D2d931b532A0503e97f540f65ed256f374e6,1
0xa1Cd45953095210477ca7f6d7D0Dad4f48688c45,1
0xa1b41fD5e7DEb143EEa066150848b6714e92668a,1
0xA18453f015034D42D6c8169c3D88D2A01f52a180,1
0xA181a3c3460Ad5a2650f380352e3E68111E3D60e,1
0xA149CC21cE11803C8e3D405c71Cd9bB2dC018593,1
0xa1190dBb1cDaa4F424c3665128e71Fb3c20707f9,1
0xA0fF771De32b3Fac426e1ff02FAcb0f40EC9C7Ee,1
0xA0efD27acC781549D5b78e89E561AA0903932d56,1
0xa0CfC923A39e1681598B97FF5894479b5dfDd9B2,1
0xa0c7EeBBdAB3a1887C5380f2a4606b8Eb333012E,1
0xa07894763B8b07971327F08b5bd6FDd98BE4daf5,1
0xA069F2204CAB4862c861925AD40b113D158A5E2F,1
0xA04A622F004E0f4F1289e2230f9Fe779D1E864dE,1
0xA01C28CEBCeA47F26877995aF0Dd8A445f4aDaD5,1
0x9Feaf1AA15811449083F17A7A1254099d2001c04,1
0x9F9EBCE72C0715CdbAD4d589986EB22F6782A1CE,1
0x9f8d14f051DD97A43584b5Be8bb537D71F26F392,1
0x9f8BCE2287A497cA9b9AAdD17d02F66a5E520166,1
0x9f45Fa7845889a3076788e4849b0F5173Cc6a76f,1
0x9F295aC564ff0844EA17ff5907cb94559102D80a,1
0x9Ed4C77f74eaAA3C595d8bae40de5D592EDFb39B,1
0x9eb645e5377a7cFf632f8b62B3be77AF7Aebf61F,1
0x9e55958688a76229e4fd2d58D8987708693C2b47,1
0x9Df1d8d06FF207A5b99aDb1910C5cce707416e15,1
0x9Dc051ce8Da00508838D152C35f1Fb94DE32b6Ae,1
0x9D9AC7ae2e68C589b3D06eFC5B30Eaf961599f02,1
0x9D76Cab6EB4cE9F45688E72C82a83e72904d7D7F,1
0x9d67830773A0B42fb36cA4Bb980B7A8517BB35B0,1
0x9D5250d3F518a6Fe96012f159429794e2F807827,1
0x9D2F4c92146cd7ED028a3C515aF2EBc25828A853,1
0x9d0f88F259edC587f0F405252b7C10356F3B5978,1
0x9C952fc22AD42A56A7399fEB9879b0E696099798,1
0x9c7430AFc305B1bde1E40875Cc508DE0824A0463,1
0x9c532267Be26a644512AE127F6b936cA51e92326,1
0x9C1C3484EbC79A5543A3aD193573eb0250756E55,1
0x9Bd54CAcC901F0aA03Ff1465d0EbcabE98F4022a,1
0x9b399D329a3CDfB635817eC73d4117Bf3cC27a39,1
0x9B374B62e53698Ca6526bf2A4c2db05760B327A3,1
0x9AE9e7763D6659426bA7c01118488afc1Ba2F665,1
0x9aE3144dfba59c8926081eD579602ee9D4f3225d,1
0x9AC8988a97B6809C47DD8E85eF6Cf40AedFd9c9F,1
0x9AB1433913C1014e2166B3c7F039D9528B1Fc540,1
0x9a9b37f6659EDf6B3ADBe8bed45D314BA1d8C54c,1
0x9a9970dBC185d67d440B73F0C3CCe5B1AD9F1D45,1
0x9A608d9F416518b5F11acf3dC5594C90D6998e2c,1
0x9A57691ab35aFD0D2c273d3Ba3d2daa6E8742Db3,1
0x9a500847fFeDbC3092B5e09EF421660066C8b5AC,1
0x9A3C0fd932A60ddDA24E169d8aa53ac9EA12ae66,1
0x9A2baa30A0cC34201F8b9b7cCcb684F13eb9Fd3d,1
0x9A1cA9F181f580C2463Ade82658759E22c5618F6,1
0x9A0d49B89d117C2DB49F1dF6bA554975576E832c,1
0x99Fa48ccEa8a38CDE6B437450fF9bBdDAFAA4Fc8,1
0x99F5585Dcc32E2238634f11f32D9Be9Bd5e98b49,1
0x99dD8957921e5d062326EB5982083cfe6b96DbcF,1
0x99C2E4708493B19BAA116e26Dfa0056f5A69A783,1
0x997ad5Aa9eAF92318C37fcfec63d1dE9D6b161B2,1
0x9965e2333A1323FD37CD62d65ADf303b411A6CD6,1
0x994Cf01f34c51426bCB12bD30Ff7079E280E1140,1
0x990255C8adD901b26E177f1Ce8A9ACdeD9Af5cb2,1
0x98ef775d75c1fAFD4a7a6ef358B9f97aa309d91C,1
0x98df8f57DEacEb3cDa505C1682af669453B6bdAE,1
0x98DeE2F43682a89f1C8405ADEaadd47Ba2DE20cF,1
0x98cfDD2C32F2337a3EA8fcFE3F878Ad397da551f,1
0x98AFfd6521d99122940c2B17B1d832C69Ef3D913,1
0x98800040cAdD4fbe89c5b808b9b03344a5aA41DF,1
0x984d48d57ED06E3b660A1611e82e079c71662dD5,1
0x9800D62447457fA8D719f735201dAA7900DA756e,1
0x97E0a1f28c9fff064b2DF8aBbF6a5d4dB374a823,1
0x97D701C89D14fac4C8421892Eb24454ACa5C7a56,1
0x97746acad994CE94367D705E9ba51B34C7747860,1
0x975D07636e8cA4d78F77eF86cdbD5F8Cb3923b8E,1
0x9721A3bB565a30e58AA06147d4450e28406f17f5,1
0x9712ab54490dDd5491790465472327db04d0cd96,1
0x96aab2750460085C921de93e5cFcEec515B8a2d3,1
0x96Aa890cE271A5457a8F4Edc637d7592200Bda72,1
0x96886FB915b845631f491ce74872F01814bd6E57,1
0x96775e65cA084D3Fc288408B1d93517299BfD721,1
0x962dA50223fD7e9fA35231a097Ee1D95Dd49Bdc5,1
0x95F50Cf888dFeC90321dC376c1E695F15B081595,1
0x95c8e3d73bA04b1188a12C72392f88957d2A1A11,1
0x95B0cB330519DB2bCaf74B90C1BDe3D62f673718,1
0x9596Ddd5b77C91afBe50D0f60BEF98269396badd,1
0x95968F2D5A8fC86aec6a2c93F7D28939AA408B7b,1
0x9589167DDBE4246c10e1282639710934De44A856,1
0x94d033944B4526Ef8F865282efD0778224b57E6B,1
0x94b039A914a90256a3686Df1d839b340388D077F,1
0x946E746C1C23670f6c57B0868448c37283B0F74F,1
0x944e3661DA24cb81a6CD6F9ac4Bd821864cd2033,1
0x93e7A5f3764c43cEAF631DCB95cE1Ac33E90fA02,1
0x93e1d5835FFBEF3e0C506C878f811A80347c0C31,1
0x93B577B8EaA96f2A14158269E623Af035BAA68dA,1
0x93A106E4657540763f869e537460F9515253E855,1
0x9333c471fb0aBb0A189189933bfC0D1A4584c9f7,1
0x9325d45d61f69B11C104ba37EF71CF717A60Cb71,1
0x92C3B824f08F2fC046D573803f8e170C1A381Dff,1
0x92616db33B534E8F2C5281396cB9C1dD88470365,1
0x91f82D236F6B88E830864032301B0Ba6145A50FC,1
0x91F684d70ced2D9789b1AA89F996b55EaF05eE8a,1
0x91edB0eEC093371b6639B9d7106e4506971378Dd,1
0x919882921924f750469990C3291204d320DBb476,1
0x9189f72eD437D8CC776Bed810DA51cD1e4a21E39,1
0x91785750D3Db96D66bF6c96edd28cfF858CCA3Ab,1
0x9155Bb1d5b63F924f399995f31F9c73f0a64e227,1
0x9144069955d7B8835CE9d41260d41DDc4D36E417,1
0x911C01f00018BF0857Cdd080a1FC4D9A01422241,1
0x911a205528c54d8B0358d4B3b587EE23F9443a73,1
0x90FDfB43565DE146Fc3B48F29F63b467E11764E4,1
0x90ec745B0c0C825539C3Ca9d1e8305A2EF1b76B2,1
0x909A1f4d94E0cB77100bEA2FDE0590c6816198A5,1
0x9082D7ef8d59a0B00957A8f188C65593b8a75aBF,1
0x90818979F0C0FF1F768A0c161E2CC868141C6fb7,1
0x90672E9290319bB760e121Af4b3fE7A1F02FB64b,1
0x90498378B55435928941Ba14D9ddE0dEFFE4fA4b,1
0x902651B5f65f1017BA167B4883904107Be076162,1
0x900328c10dBF57Df58F9abA8f3093D650e937D02,1
0x8FE7cbeF7F36816c260eE69d34FE5846D86c1934,1
0x8FDCb9234E2411444734Ce20eF9d1C668a4868b6,1
0x8FbFB39890510e2785d94fAf14D783163C44B14F,1
0x8FAb414992c5f8b9cE12610fC54883E4D1820be8,1
0x8F9Fb4b4324F88D4f3beB7908B081FEE9cfc97bc,1
0x8F9cBec35c44d600a54939290fbBaC927bf4Df3F,1
0x8F862cE117a3FeeBc1DC364e02db35ae125d7f40,1
0x8F37fDD3037b29195975d9e2f7bbB36cA51887dC,1
0x8f2D1dB5806FE73C089D18A68Da64E9Ac645f12F,1
0x8f2c0f09F5135312772145a49e633eAc05CFbb93,1
0x8ec66726D868Aa14E83985F592E11f36a32F536B,1
0x8Ea04620Fa1292473472f0Ca87874A45B4C85874,1
0x8e97e11B13f240DBA275A5bCED2620a72948FD91,1
0x8e5729E8A3AFf49FcF5Fc889D0943d38e3691070,1
0x8E2117ca8DEF42d993f19F0da659939375C201f1,1
0x8DF531Bbe86e3aE4Bb107690B7e09478661Ecff7,1
0x8db9c169273a4630648B42F0823b0f9DC480eFA4,1
0x8dafc11Be620d183DFf019bde98d8b96db395cF5,1
0x8dadA719Bff87208c252cC1bD10cF8f1E12b98a4,1
0x8dA0a4579E539847F1C8325bfaD286CE40c567cd,1
0x8d8a2B3AcB3541eeAE32316C86c66C32efE6442d,1
0x8D183356BB5dd08F48Beb4eEC007560C7275d67D,1
0x8d1509e0240EbA23CCCD58941Fa2b5D7fF1fc70f,1
0x8cE6Cf23c18202Fbb9b1206B596Ed58DaE30cb13,1
0x8Cdab9E2C25529C4dE1f973f50E10bAa84542b85,1
0x8ca1Cd24Bd7A2386f523C36832D25E468072101a,1
0x8C39beeA242D8852dD0214f420418A5F89676966,1
0x8BEC65bd6548128d90b4B2665977E0327b2A4E61,1
0x8BE3521dcEf6C4eb4b8fa537a4Bd84Af7a4bA5d4,1
0x8BD161db2263615583b307a45F6CEFbc4deb277C,1
0x8Bac937c3727B89F273dAbE81898227A0e3Afe6F,1
0x8b91FC90B38F0592460d34F5738f8cC3fE7d5708,1
0x8b50a91451Ec3954e0fa1b2aBdeFFbFC3aB21A89,1
0x8Ade80E9c115E28aB0F6277a650BC69A9b3B232F,1
0x8AC01eC4078dC042338d195F831aB2Cf219282dC,1
0x8a622Bc901de1fa2384d42FFA79606e446eD788F,1
0x8A4cE8f406D2fCd927a253aC59aD77E200f4d6EB,1
0x89CA68787ec401CB2091A3122bEc70530B93D3B5,1
0x8986A1294F09d0FCbbADd4614621Bb624D44BbA2,1
0x8950acedb5258a47d1511C48a49195B6cEa81293,1
0x894B3881264b48644b520458C6Af4dDb248BCDC2,1
0x89397c01D2A74fa9632c1544be61522B88c20C82,1
0x893327ef6aF0b39665B649ae36f37e1142a19a01,1
0x8902BD6D4964ea84B7925295A23619429167381F,1
0x88f9b2aD483A05362BF00630A15B725D1ab4d809,1
0x88dAfd252a47b91CBbf1a43F7AAE449076c06328,1
0x88786a77e555051E42c68d29Bfe6e5b7F47b12be,1
0x8823fE3cfe60b19d69146AF848dfe0A1612352f9,1
0x87e48F7561Df1836269bd718f1187dD48DacEf4f,1
0x879976D32e51CDa4D8BaC5AED9c19A780EDb4b2e,1
0x877DDd15f1fC47E6336028013e15909Ec0C94249,1
0x873D67CD89824941fF59A752f0c13a84255e3E66,1
0x87001fE0924B20441d3131631Cf0278d35862906,1
0x86CF7A9d914AB0b6Bb8B570353FB2af1eE69aAe1,1
0x86cD09ae3b34A79bfD7bAB43C4Eabb68BEBc396f,1
0x86c16F44BC75851a9E2E16e28366aDD78169fEA9,1
0x86b98212B8722e8946B6e55A0aB32C9B577626C7,1
0x86a4F056593C7Efd88324591Cf07833322918a64,1
0x869eF15ADe5A7024BDa53A069BF49687BA272700,1
0x866F98E4d2B0742110cd674214767140477BB342,1
0x860a9995CC054CbAB9590fEc91e36Bc1801B7767,1
0x858257cE4CD4fC1448d61036970107865ead6D2F,1
0x856d66fbe98DfE4D3B8cE736da607Ade1f3CDDc5,1
0x8569bd2c1fC82512d6C246Af39225c18acE195B9,1
0x8565BEaA27b80E402Db4BE43D1574d59a39534C1,1
0x854759239C4B9d1803718F39Ca9b40860d78Cb76,1
0x84F3D912F78E60aDA001d313f73C08EC17A00637,1
0x84F0D06465E8c618d8B120257f9F165Cc85d8A0c,1
0x84B81987f6CA3Cde2A50dAca42a58A132099C731,1
0x847f51c9Dd30dbDc5D973b398D381Aa3d2Aa4063,1
0x843fdD402952dA6E170497e40bCaDCCf704E1320,1
0x843c1D500feCAbb3Ea4d766EA0C1641316553fC5,1
0x83e4b4F0BcF857B9a221dD8f50bd96823411cd94,1
0x83D8a7dE44Dd4CDe7bDa4110Ef42f74a7ec23b81,1
0x83B45b22d289D46fee89fAce4E2137D6432A7D97,1
0x8395F470DE6Db45e193C428A34286112C4eAB81D,1
0x838D06379dA893E52f4e671D35D694093a442D72,1
0x837E3405b5A11aF3fa4Ec7D4aFe1C9f04693B141,1
0x835D037dABD24BF3429F6b1853c0D7feF62347e0,1
0x82f35049642a9C4D6652992f4f9a41E069FE0962,1
0x82F03A90481D59Fba9008D0F35e626224AC1f196,1
0x82e8c1426715BD933c198D09c41EAd519f251842,1
0x82Daa903905394a6F55e598b3180a9f3bD7069B2,1
0x82D67B868Fd94cC948BDb24bE7373B052876D8ed,1
0x82b30A5daB6C7B626EFd74E382976ac829c9b363,1
0x82916F7d5D518008F3d2aB1F4de1F4e2c862A195,1
0x823fD1Be32F482cC70B61c21c4D6a7CB92C4E168,1
0x821221842fD8c25f124165DF51a684A1C433f36E,1
0x81F10d99464d604EA1E9242DC71733a506E95b4e,1
0x81e0d167c507D0fA487B6c8E2a625C4c7F69355C,1
0x81cF8aed4CD8eAD1a80cFf195f0162BE5b43BcC5,1
0x81c5d27D25c5257E428dcf70f6E15f2a0d525f6d,1
0x81C1B857CC9Dea20216065a83E04F43BE7F262cB,1
0x80dd39eb6B3bbbBfcCF5717b0A9708bc2809288b,1
0x80bB916913Ab907b40dB9ec9891aF7a8fedeBD60,1
0x809e299f6D3db0627b351Fc1421607807eA18Ca2,1
0x806Ac74a2dd96e18508F2E86EB1fb9AC2056A93e,1
0x8068BD398396B060d820745FDE9C545a38bb776d,1
0x8025C1C92c4E4e00DfFA56f7E06C3CCE655EC6a3,1
0x801f5F23d461643ED48B99A3Ff5FEB92ca3203BA,1
0x8015e3827E1b91e2F6d510E72A2E974eFc60b440,1
0x80092f94F8D3f9048624ed68F5a0DaBeAfB9FEDC,1
0x7fdfEb80A18BC30604090DeFB5Bb53206e7E2c4a,1
0x7fA1dA4C8Bd01566f3A6a8519378721e4F512719,1
0x7F9C827d0cE70F88E3E562848d1DF89fC382A2De,1
0x7f848122152AaA1CfA50eB0E3f97c1aF6cb74E99,1
0x7F7835Dfe1f050f48597380551d5d2eF792d50Bf,1
0x7F677cFf258702DDb349d227E46991D5A3277B4D,1
0x7Ee8E5604C0D09771aBb404AC9DEa897f9b2A6A6,1
0x7E96231449E88C76Dce156E4078C7124802d66c7,1
0x7e94dB03C3fe8b57e2769C1fE3Eb58b1aB5Da886,1
0x7e6eb2123463ca93BD0EF64bbcDde8dB16d77c42,1
0x7E585685CAC1fA165d19EfeDb59F1D2faA9aF649,1
0x7E3d024c36202DAE606D2121365D29716B492e8B,1
0x7E36b9985a735bE1dD0D63238A7Cb21031560EFd,1
0x7E21C9CAfbBA619B2AD190f644F59797adaEed76,1
0x7e1B9a73A1dEAA3fdFAf80a3C3A545936d79Eda5,1
0x7E0E4552d4eD7F4b8Ba95D98F858A0E356220c0B,1
0x7e05389332c929778C8807DDb3b896190DA36d7E,1
0x7DdefC5699D351C1E8c9a29f74a939193E593626,1
0x7dC3E945238fdB44936eEbe654422A83bdf5D9fF,1
0x7d84b7fa779c86922E46D1C1B18f61A41f3b9799,1
0x7D0E096c7cC8294c6ff344313565d1363F58B136,1
0x7cB79864170d35c82EEae2BFd5e747325367A54B,1
0x7c84fB99421f76cC2467f51091c1147096359e36,1
0x7C7C805cA81fE6129a9F5Cad520Ec5F2c8D60d46,1
0x7c45FB10a18f834a47cc3F470E97140A399B6AF8,1
0x7C1EF124eA6b78FB6E0b82DF2f32Fdd2208f8636,1
0x7bc92c012Ce5494ED9813Df4194416F3E5ec0581,1
0x7B687aae77f59da3427666FAE4d5cB43E623BA3f,1
0x7b22DA4c72EE616b3D789191861022ad5737E09d,1
0x7a9E170bcbdd68029dd3a0B391ED9AC52251405b,1
0x7A9208a793C538f3c131B06847f7Fe1c8854f4d0,1
0x7A899a88A91de86c95626cD8ea4FaCe78bD5F3c0,1
0x7a763025d907804Cd14108bB02Cf803E70F599bf,1
0x79Bdda65C706CBdA69C0AD4C8da1d3e91724f48D,1
0x798e82DAF1353fb126C668A81B1Fa1f0feAcb870,1
0x793273b456bdCe672238f3FEE3ca54b2748e6BbF,1
0x7911ED1EeC934F1c3719D5C760c01Cf77F6f38F8,1
0x78e09Dc6496C698c95fFE59E47c7D353439d41f8,1
0x78dbA641814Cc43a2803a4CCEf4f0aCC369Bb9eF,1
0x78ca7BaBAB67436F2aF344B704920607F992aD81,1
0x78b56c42AA3639344F47664E0D109131fA8e23F6,1
0x78AdB1b4707B4B75A407DD913238735382451481,1
0x7885cA44e57Ad94782538bb151A9daF7e89Fe11F,1
0x787eb21F96859b328b4395FCc230417890C3D52b,1
0x78726aC72248b0FB1a58A96711EDB1D33827A4Ba,1
0x785362fB40e924694301996031433462b9e0B610,1
0x78508554d0Fb1653E40bFE858d260659370708A2,1
0x783Cd3C10D867E17785e18aE4b3925A1c22b1Dd8,1
0x7822e17509A2B302C8483F38F6F69967c36bB656,1
0x7817AF6A152C26e2410c98a1298327E61eC703Ff,1
0x76b0Db211d71fEa5295ee8Ead67fb31e68517536,1
0x76b00eF3E9aBAdd436d2f2Cd414e44e90015a5aD,1
0x76a35FEa15b67e6fbfdA8dAD51De098fd5314143,1
0x767d76D5838b71F06456b70b4B2eB34EaD169A6d,1
0x767A13679B96272246Fa6600653f6b4e747faD3D,1
0x75697d4802423fdAb397ABB3F5dE74cb311B3A6d,1
0x7555be2483ADE0403A02988D7Ab266C88fDaaa5b,1
0x7489883C3e9d073C96C590FaBD15bCBFD10b7F86,1
0x7444b9cA731C287750348c6010CC04bA8C90112d,1
0x743eaA73Bc2641DD10E7B0c994A9Ac41DbA07aa5,1
0x74160b4EFF220f9fF78bd35248d7607d3A9587d6,1
0x73f6ed72D3e28e02F21cE744F969C0481A01Ea77,1
0x73F6171D2C8a27c83401A53CBf8Bd3B8167F939B,1
0x73c79871253A268c8F2624d7410da45eDE0DEf3b,1
0x738C5DBcA9F2D022174c7AbF99DA5BEc001FC54d,1
0x73760C4F0E8266Df0F75B7f697F4149956720d38,1
0x73456667bc0BaAaf1e5e2b25b4709ca2F318f27B,1
0x733F6AEbf69D1B80B5B88859240cA155D50517d4,1
0x72Edd09Bb3108701eF55A61F6F009efB85A9C2f4,1
0x72Aa28B2187e9ec82b5F4e2d80eC69dB5E9B59a6,1
0x727fdA504a77db9DD89D2e3765EDd2852aaAbEfC,1
0x727A4841B9c08Ec2F4b2F6D6bc8108b8A77e86EF,1
0x7241C18533ACF5F786c5A0b5f9c2C370620c5c6f,1
0x722955788Dd924157F739e726d5B684D9e4561D3,1
0x7213c705C84e5d9e30d6cFb081faE1Fc3DdA3Af4,1
0x72099133F9310C47b3543d6a9c3fef25Dd7C71e3,1
0x71e695D5e20f2164E58bBd8A385A13f78a936432,1
0x71DB4AcB731236BA67482bEE3268a80b9CFf2943,1
0x71B4173cabA276735782b6Ec382F635205d1e438,1
0x7117a03c9e51575348B3Fd6708f1d70970332e59,1
0x711346398399BdbcC4C512363C229c4f97feFa92,1
0x70ad955d5F34991E81Dad7Ce2bBE418F8D5EDC07,1
0x70866505e0dF60C4451ab39427A374DBFc8F6B9E,1
0x708621feA6a3e127f775886f4fcC5A7EDC6cc736,1
0x7067C50819a3b952239C64159523e7Bb4B19acB7,1
0x705Ec70EdD560c12dED78790eFcfdffFa8978140,1
0x703cF6401d04A06378C6F59dbd9117203Ba9892D,1
0x701b9c903D29e117bEADC44a99C574554815d859,1
0x700C12C46E7986F1dC97f221CbD6aCcECB11e780,1
0x6f9b3A77E96Df49C7b0F0423F371FC7F22EC6cC4,1
0x6F17A2319E0E9e491614f6c74B8B42e89a2b67aF,1
0x6efEb9e198B03852e556a6eCb1783C6Ce2cB9483,1
0x6Ebb8eACBB89b4A04b354c247Aa4F40c655655Ae,1
0x6E9D815b00cb9e7789eF1c027cA45259A9B50aa2,1
0x6e7803F9548c41CE5CD06D180c2dF2E4731E6b2a,1
0x6E222Fe250cC5B1C4641b8902B3e2Cf545949172,1
0x6Df5195e2990BB29fB6e220DF98Dc26EbDe9eD9A,1
0x6DCaB61FC86174c5F4969aaf112aa065827E607F,1
0x6Db297E19460B69360847Da23c9ac19670A6b04E,1
0x6D9c0af07efcd1e50Da67d6A15c562e50E00B82e,1
0x6D81FBdba7Cc3AFB7926F80C734965746b297668,1
0x6D2B9f95e5f8b48C50fA7cEd10bcA1eC7FF82cbB,1
0x6d252BCc606a1fC014B0eD8E906A16bf7962d19F,1
0x6cfbA969A424baC0f18d1CA674f34B8B2907bb5f,1
0x6cddbCB720F037A3B4abdD7a39Ca5244ecA2220E,1
0x6cb13a339b4D46Cd2a88E1E6093FED014829105E,1
0x6C9888747D15aFEb3794c7c6d4cEB0B049E497B9,1
0x6c6d376D69ba2Dbd3B6dA7dFe227774511c3f007,1
0x6c405bA16A23Dc83118EAf4fA3fFE4B3d6B170CF,1
0x6c3F26ae7312Ca3602697557786C5Eb760FC2542,1
0x6C12f884501BD892782F921d2aa0400bAe3C92ab,1
0x6BF7550BF182b8428e2cf4fC640ED884FF8C7a57,1
0x6Bf6c46ba7f8536Ac1B31757E4b3d82CEf1584cB,1
0x6bBBa51c055dc0824a468b5f21a9b86dc3ECb38b,1
0x6B224FD0E91029208785DEDa163C5BA20d79901a,1
0x6b0125F1356C12fc4CEe7e941E03A7bD5B4c8100,1
0x6aB8a95DD281b10bB7a8c5a40E88A4F253fA8690,1
0x6a9fc33426A7BF7acC1fc39827Be75359CE80293,1
0x6a852279E5076d16bDDfF0A6Ac6f01752142ffD4,1
0x69f36719F21bF0EE4150E0Ce401B10718bE85Ad8,1
0x69E9Af83edF0Ea708f6FAa57AD1fc8711e1B3125,1
0x69E53b0c02EAAE16b23E019470b24C6c709d4663,1
0x69BF5c057d07b4A175D96a03eD3Eb2f812785800,1
0x694b9C8f67578dfB91eb36e6C46B92a68ACfc731,1
0x694Aa37E17dC63C253da167927E841B9E8f2134b,1
0x691e9Ea14E0D4FA0B227715Ba0a4a681ee64B9AB,1
0x69196C64C4573E46A4010024f84270DBFC976cE6,1
0x6913AcB8556d198ECC83048a576aEC3b479647CA,1
0x689dFa80839F029a6e8ba6eeCAc87156861e0ae8,1
0x686ec32C61aE7d3fF16e26403EBea633274cDFB9,1
0x685c99E8780e5a7f158617cC2E9acc0e45a66120,1
0x682CC91DDEDdaa9f81cA905cf7814DEB96b1DBcF,1
0x6805b97d7aB9D149224D8530F3F3DbA416362266,1
0x67Ecdd37515E8E375b3Ae37C11a783EDBD2692fA,1
0x67bd77e1645003287FC657c5DCbbB744cbb9E98D,1
0x67B87C5Eb551F9BEb2B9d29AF28cf22BFCB43952,1
0x676C4f2c77F2ed2Cf046F92747AF654A1b40AabE,1
0x676520afecA92a816C7af2acbd5279Cc06FDEda5,1
0x6762E837E583D3b80Fd59080d151b59eF3dFFe09,1
0x675aA1027C104C605FF7aD4Aa9197c29dF85d660,1
0x674513E5e77Cdf3391f482b07CC4b192E2274dFd,1
0x673BD900Ee6d5bf4EACf37892cdE02797993dfCd,1
0x66F0faE882BaE8B3c971cbCc82D50b1c5891BD66,1
0x66eCb21b78fC725e10aE255481B52dc15191d0df,1
0x66D66013F397E72ec7C5Be63DAb566958f37e811,1
0x66D5C8e7f74429ff3969fEE184Cdd9eEb37fadAE,1
0x66CE476Bb662E7E5a07bC83427B9423Ee085c33D,1
0x66Af85Ff38830187B65956b8D1A68646c1A299AE,1
0x669EDf298f77da72CD5596B81daC32DB2853421d,1
0x668FAB5429f363f87C17B1d9f7eaDa702CadAe1f,1
0x668540812466219A4cf9EF22151bB7E513010f17,1
0x6667877CAEB7a3BEFFEb62B822E03d5f760C9a86,1
0x665f44E3c2d7A9D6370E2C682A7D2E88047147Ea,1
0x662a7C5cFcA929dff1C72E0BC044FA647dD233ed,1
0x660efB8D64fFfEd7be81D2C556633852BcCD6485,1
0x65fB0ae3a14EC0f9f5c8d95A3bB5D1fd972cC8c2,1
0x65EE472fa8a76555A1CB72510E3d1dA5F1662214,1
0x659fBc0Fc53EA0368793585d1e2C76d6eF48Bf4e,1
0x6599f44ED7a260A19cc311f0DD43Ed45e2C92676,1
0x656f296feF0f76f7c1e5f26b6d9AD5222229E93f,1
0x65433d219ED25fF9E5C721d31b473982C2F6E747,1
0x65151A6343b16c38286f31fcC93e20246629cF8c,1
0x650f6E0E9Dd0f8070d58176C7aE34A84F433fF32,1
0x64D2ED8Cfb02f592Cc4a7C7359E9c8C104d2a3B7,1
0x64AB6907a092Dd80Ea719c5685067d3311789eb8,1
0x649890078Da0f9219D73C35d648699252451c627,1
0x6447618618c692A814d72556EBc998875D604Fd4,1
0x6446aD9821021Eeb9f85B8a18B0153d58166d161,1
0x63eebA70536D2D0778C66aBFa854e2023E9aC24e,1
0x63B29F9aaf57db71994A24F1D1962249443057Fd,1
0x63AE5a6F23c1159546e301c77cf121721D44ef2f,1
0x63Acc50099A5feAfdb565Ca630144a3DA9eeDB55,1
0x63845Cd4d1a20c83DEe09BB6e0b66d421C84020C,1
0x635804F073561199bd016E638073F61FCB681DAa,1
0x633B503e413a65Ec22656B1b78D7a7e7B07AC448,1
0x63026d769f7D45FCbff3862e4A7C47c4dEfb4e29,1
0x62e949C4150b79d63263430B6C5298550e63A17E,1
0x62CB3849ad53d473f4C00DE1a20D2C1bA252b48b,1
0x62c59664256dF5946FB5CdcF2aefa038a101993f,1
0x62bfA19c57c3956DF06352942Ceb90a4B5c25dc5,1
0x627afb1341CB1ae3cb3546424709DBA42d88bDE9,1
0x6273957EB6707F6E935D8B190bD239CcAe0Eb7Cb,1
0x6255Fb940800F542c606aCC0Bc0201D67Ee47B01,1
0x62548baE0ee0851a92a3933cAB5EcEcABe38D779,1
0x62279FF21053C9b1E0f16e2a6AA2c93Da28ad4dd,1
0x6207aAb1d68a6003641ef74F2c59cB934d59575A,1
0x61F3452194de23C765560415894f0249560eCbdD,1
0x61AdB0f5E386b6f1732883aB8322e078BED92AFc,1
0x616b8B3acbe28b0E1402DA6AeA1B5a904b1f8d30,1
0x610591Cc9D70b02775f194Ef42162725b94D740b,1
0x60E315D6Bd9e82370A609cA9D3F5A09E4Ffb82E0,1
0x60d620c18aaA9b12DBBFc6FF5597B9251B3f58c3,1
0x60D230ab1dfa2c2aA2716782B967747d22CfFC1c,1
0x60c0e5e23790a7b9b38A095D8C6291a88A23E6B6,1
0x60B31d50355420AA2bec0124F8215A1128b025D4,1
0x6069fCaF745500B91EC0Def05774649c1Eab1CA4,1
0x60283a2660aC534DFD01D4b5C5f8fA33ecfd5Cb2,1
0x6001D26436986706Ff19c35478F97e0c43846470,1
0x5FD776a1Da57aa0A3F22C9B8b2fB7f79B56fA26A,1
0x5F119934A4D4880327235516F86d51d054e6D215,1
0x5f0895EDc43CE1E76f52C9F5f8bAF8F2c01CB1a1,1
0x5eFb23C36fA6b02a3F01e3f396f2a6077e8a2d20,1
0x5EF76f0D756dBd3D51d98aEF2Fc9184D94143f48,1
0x5ef3Ad75519BF76EF49Ff37b5D93311F3F03dE58,1
0x5eC8Cd4881eba87279f5F243Eb89EA9383E677c6,1
0x5EBd148f092839b3Ef38ACFc48EEF7Df580CEBDD,1
0x5EA88df165FF7eA54207bA46e253c23bB330A1a7,1
0x5e87Afb484826DA1D5B08e3e7Bbd3bc2D49E50c1,1
0x5e4A83f5ea011213EF20E00853E63543BfA6BeeF,1
0x5E3AAB60Ca7164101C0e0836A68539f09e3976B1,1
0x5DC68E37f9bcf63F85e490Ed92Efc166C44Af87A,1
0x5DC0145cF938703a58ac3cEd9ff5977384981099,1
0x5dBC6208Cc2eCB91943355486987AB89B6E7DC2A,1
0x5d9E22506393F4bF5e62f9AF547d1FC353298736,1
0x5D982C0722E152E8D5AD16d9186d86d9e97A5482,1
0x5D8Dea20578EE652FbFA124f10532c0e7fEA287a,1
0x5d490C4a0B5D12C317e24D5198becFA304F72929,1
0x5D22a8A3f7918E6d838A0a58aD4E73e0200Bd656,1
0x5ccA0ef639c167C169eb9aeAcC7EA01E57E8D365,1
0x5cA39925aF348525885Cff41dF47aDD5d0378361,1
0x5CA109bf3a55A82F557898ebf3bD6EcD067381D8,1
0x5c57fec3e02E5B64F8c3b47B39942ef682e51459,1
0x5c03A938C87d0f7cB102581B24728Ba094ffb91e,1
0x5Bc3911BEAc22F1903fa8eA1D9126eB014E73cc8,1
0x5bBD9F7B7A66E1f7B5B6bd93A794FF2F44a6B21C,1
0x5BBC261De4Ffd714585d75B242575A2C55e7d89f,1
0x5bB35886f7eC42C9873B2836D2DFf00Bb06FAd45,1
0x5B9e8bDD8B6EA310Fd16230EBc6c093E6A0FB562,1
0x5B4780b4fe5423aeedbDcE9Afa359774e3E44A9b,1
0x5aAF5a9EF5f15e4e68379a2e9c46E78f7C6B25F6,1
0x5a38f942B5A593652ec1EB844CAe8865cdf99412,1
0x59dA03e05a9baa78C2978b3B1374D849E2be3cAB,1
0x59D6779Eca6c91eD7679E261b54299b5155EAdF0,1
0x59d4A06C86d1e7594A8dA38Fe2bd79FEC8243981,1
0x59C1EB9279e409C5d82D1C8EF49BB4089552DD98,1
0x598945346525e8cDcF6A8d441eB2C88Bb36199B8,1
0x5969c80B79364665321588244AC0e947A83670D0,1
0x59659e3270e7e143f8f1Bba1af3D237d8c9f9354,1
0x595095aCbc628473AD817e58A3A79ae861F8848f,1
0x594C9Ad8D38Fd59daeAe8520Ab1E31B2A866C4f2,1
0x593FAF4FDEbb42649370C09d4cd30b8a5d917198,1
0x591B8C2354746F9F0ee94DbdBaA029eF22f9F0eA,1
0x5907B50e15A38Cb5543af8C5EbA4Bb60d44c002C,1
0x58fE3699ea925Fd6353Bd5C14E2F76F296f30533,1
0x58e9F074c41CD5C82d56c3012211F2c2512627e5,1
0x58E711C0A4f28Ce553Ceb77a9fC0eEfe55a473e4,1
0x588dc9174acbeafea0701e17688Ee58e489CFa65,1
0x586A86138aBE98241Bb8542D5333AF70AF1B3f1d,1
0x5863b6462120A50E8Cb5Ce5be35b34680C0D23f4,1
0x57F31164AE67041a0D6e4c042D11eCb14827FDB5,1
0x57D3017DB560Ea906E67cEeF0250348793C05053,1
0x57B2Ec90C520FFe23656B2B347a085ce8Ae3aB08,1
0x574382A5dA806DdF413D6FcF1730553FCeFFe33D,1
0x5720Ed1ec4182E6fA41D69DA5e8bD3a7EFA9B991,1
0x570573bf1ac116662DEA0A311053Dc6f1716A727,1
0x56f2f61aa04298f6Fa48bfd59B198aa3Be8e4226,1
0x569529703D3B971D954A7E16601E168608EeeeCC,1
0x568DdEaC4ca7AC5b8b8d67cAeFbF5bd5b033DccA,1
0x56541d71bD91d41a02647394731257a1284Ed65B,1
0x563978F3a0A0fF66dD6a3aBCBc86e0270aFd18A4,1
0x5623ac7Fbc255CA3b7d080F0ac8a7cE64353EdaA,1
0x560075bA1990ddED3B8Cb49F1955E607999C942d,1
0x558F2db0229415dCC9c4761d9D9fea0DD819E004,1
0x5582358DE7Cc812101313f5E13de500005a31dea,1
0x5564Caa789AD35E72b1612D1Bf78dD295b24605b,1
0x55608Dd635fe147AFA716CEC44f2Dd89D643684A,1
0x54E5C66601b8e9386f0D74b4BD2932A3CFcDC833,1
0x54cF78C31739B97F87381b19937d13F04DC9819f,1
0x54bE4cE1d72A5F819d1feF1af47834937D88b176,1
0x5471A94a7caF2bf5dE080b397d46e4F795cEbb6D,1
0x541CeeDEd157F6590BeFa1b6A34ab87bEda66AA7,1
0x53FCC86A579803904ba56B39C2B11a03219F5D31,1
0x53CD788eCB052e47Ca93EdfbCa116A142DAE8318,1
0x53bB4a4eaFED31B562d766a61c8BC4681CAF2EE1,1
0x53a39C90f2B0f4A6875cc41468CdEB05404492d7,1
0x535F3E0B2C0ce78a1f89bEe05984f46f2962BAbD,1
0x5350E5826fc7Bf672436775049231cc66fdb2E78,1
0x5350aD1434e9028F381b8dF608A7c426be371aB3,1
0x534D4E798B2644266E4C431545925aEB2cE764bb,1
0x53144384f3425c985ca395fC4474819274252B54,1
0x53083dfA4E70Fc24F665c3BAe0DAD68CB5E97F3D,1
0x5273199C003dAD5f3b61995Aac7CE06F5Be9b09c,1
0x52542FfC9120723Ac5BD1E7b6B2DA9b066621Ae3,1
0x520fa903C1BA2dc0718e187BD14167Da70563303,1
0x51F6749Dee3510F983C15B7c239CC6df4e4054Ea,1
0x51Dd93b68f513817202a7E8132B80A477DB99bDe,1
0x51D2bF026Fde1Ce087c178d9cE3F91FdEbF054E6,1
0x51bC6e879f49C3eF4AD29dC0ABfd5d26c3e77886,1
0x51678842A6B5dA52eA6F6408a2e020230E0BD1A7,1
0x515DeBdA7fE8cE1F3d7E04b9F95e2e8F3Ac90B89,1
0x5159dD11378Bd23d800198A7e2C3775861B0045b,1
0x513003AdD0961ce9A666ECC0DcdBF9CBd2B31B64,1
0x5112996d3Ae99F0B5360CeA1A620FFCD78E8fF83,1
0x50D41fEe16049E99a2375d6028ADC03Df371566F,1
0x50b1f3D353c92a02992c068a5794fF4A2E2eA535,1
0x50aDA1219bBf611990156A31d128dcB07bf519c0,1
0x5044cCa6E3dE8150ce4C2D4Ee87dD07D5C22429B,1
0x5037BeB6469aCb898B4ffb3A0B7AD50747Eb8B6C,1
0x5027b328022b83F5927bc6975202ce6d2E1b1326,1
0x50279B2B2DE1d264ea9aCa0652F4dE4a36B04C88,1
0x50173bf8A86Bf006298A7767CFE159A082e220d2,1
0x5001F992Df93dC089c356514EEc6AC40B0e1c792,1
0x4FCE4ebD24aED2390DFe8D7b0c0679D12Dd0Ff9a,1
0x4f49D938c3Ad2437c52eb314F9bD7Bdb7FA58Da9,1
0x4f15B0c133C4068F034F5D1533e9A6758b45c206,1
0x4F06fd857f8D4c6172aAa3F6a96a645B6940aaCc,1
0x4eC7bD7eD2C0f59849Be07C4207f5BB2a05C3Fa8,1
0x4e98cc637c6E21181D4eDdE7b6cFA5BFCC04801b,1
0x4e3A9949461384bef2BC09bA4F2539c4c6E4Eed4,1
0x4e16c6D4aB2648b18F921ECF5ee2a8C2ebA78F31,1
0x4d9Ba778B7f121e58E5d3BB6aef514e035A7c7F5,1
0x4D9673dE4129CC230665452C5Fc8E3342639292D,1
0x4D8374632A9303FAE450aBbfd140d2d6a9AAa033,1
0x4D7060BF9c0D3aE00a1F478E5656B751418D1fD1,1
0x4cB75146e98562C9d79b31649C6C739e4DCB7CD5,1
0x4c75b5B9c2bF46dBE9Db9E477F40514FED66F382,1
0x4C735538FfF14605A9ECCc1c31136542a3D3e73a,1
0x4C7251f299F96fBA8ce2BD6682E6904F6550F078,1
0x4c5612b04E47443581E5FF7BcF750021429c9B8b,1
0x4c55C41Bd839B3552fb2AbecaCFdF4a5D2879Cb9,1
0x4C0F3359A4Ef3a4A2BBEe138A34777C102E40848,1
0x4BF10853Bbf2214c099CbD272e7019d58490e634,1
0x4Be8998e8Fff8Ff1899d4f1846363a72748c596A,1
0x4b95D3fe09Fa32D1755D90EF903e8C046Bff0df6,1
0x4b89d407e366d948709df4c5CfCf86F78933c693,1
0x4B6c8ce2f1C4F0b0B3A7eCA2843991b6c2D6b313,1
0x4B49f6BB5Ed420b19b29D2673F6a8B385E3a0753,1
0x4b43246728B64a75A4c85A290cd32fE1F2aAef3c,1
0x4B1a3BB26c34dD5c4192a0d6A0E116ec968A8C6C,1
0x4b0d943Db80c0Eb1ea16cC83f3E742aE789209c7,1
0x4ABb08d8a702D5Df336E6d0d0C440b583630b283,1
0x4A68c7a17a136dCab55F02c735Cf67AB135a0bC1,1
0x4A1F8D6B928269561ecee07023cB322cB72eD8C3,1
0x4A13c884d3F4cBc0a2FD62a9b48D8293Eb86C2B7,1
0x49F63B254EA9043E57678C13E06Aef257fab45C1,1
0x49Eb2617cB28A76FAe711C3119B5E6022681036E,1
0x49b24DF2754936A4a320d6066D924cD8DdEb1EdD,1
0x49aDd84818D204F7FF6dEb336785bF01A5687d22,1
0x494982CA65728AAd321b967184a20167294a2BbE,1
0x49441339698D9eEe058eD96a9E492C9386a41a15,1
0x48f7D45FA696Dc89fF4f2233B25490455AE19DC2,1
0x48943972f314109762e62fE5FA584B920FE301EC,1
0x488911D26A66bc9a9Aff9a002b10B4663F9eEC8c,1
0x487c6480C33f32435F99cFa4b1E09C0D4e4165f7,1
0x4867F0e5299dA327a9AFa77898304BebB8790fa0,1
0x48555a6c6c88cbe69D36A44CA6095b731F453597,1
0x4825737b535858b03Ed50bE8FDc3f10e4BAd693b,1
0x4800d56D90A2eE686fcCBD239f058A3ff9C5D065,1
0x47f38EbAB9594AF1653350D710E3624AEC98eA24,1
0x47D228fb786BB14117625147f1055638F46b6893,1
0x47a2a5A8950dd410410f0AF03Af0964cae6Ffec4,1
0x47809E1bc7E681A894ed7435AEAC6516ec73Bf3b,1
0x4760b0285C5933ec0963b7db15AB7bdF10AC4803,1
0x472030D33A79D1Da7F7AAb7764aaa20085A4fb2d,1
0x471da4B3400F0d47BAbe147d97c7198Fd32dFD02,1
0x470b9e148eD7973acd4CbC99931AB1d8aD801745,1
0x46DD290A71146f23c4891e644B85B1bD78370f4B,1
0x46dAC7412752e7567c941e8233f9Bd647A0e46be,1
0x4635a90CeAb31135058880f73E8a6e77457477Ea,1
0x462A7fAd8d7483405154c8afBC0c76430991EE9b,1
0x461f756B6C941bBe2D93C57eC6759602cfe6f6bF,1
0x457A223A59de9F7311c5d9af84bF81eF55C87735,1
0x4578aa2A87d7ba8f19b1e51c116e83d8caB286F4,1
0x4441180D5Cc32c6fA38Aa2F346297d44bEa97310,1
0x44043f51c6B1D560E8947c733D856E7c86eB18fF,1
0x43C8433545b5fD1478CAf6F887B5a32E65EC525a,1
0x43831CCd4D1adE29e185b249c356Cf5367350cE2,1
0x437BE3A3eC1d73635B089d8C28293dCa4Cd6bFC5,1
0x435363E8E0e9cBb3c194ACB7C52A3BE092fd5C32,1
0x4340E4087015B05E962e2877Ad85a900083b9CDB,1
0x433cec62e43CfFe989B075b49868eCA5E9bEA9d6,1
0x4336Da870E93f29d7E3EaB210aE78D843bd6BEAb,1
0x432f16cd9058bBdEed3f3438eDc07CC1c643b1c4,1
0x432c48f061377B8CAe88df1208d25D3674446a9A,1
0x4318cC449b1cbE6d64dd82E16abE58C79E076C2B,1
0x42f4FB4A30cbC8B38490991188E5F020Ec3f9FD6,1
0x42cE178B39574a376093910D4849C64E6bF38631,1
0x42b9dF65B219B3dD36FF330A4dD8f327A6Ada990,1
0x42741c76060B37aA816B6119397eCbCF80ceBa9f,1
0x426cf0A8423A9522A78cd3325984AE000D425EeB,1
0x42410c871344742Cc3a201943089C0D7fd5e1a86,1
0x424007C57b284B7c29A5Ef5372beBf2ecDa117Eb,1
0x4227e2581eC746BC91Fddb258c7a29f9E06A9316,1
0x41B4454045A22919b5dEE1F2c0D8E0A577274519,1
0x419f6fBF8040728DBBB6850dF06A6c90B7Abfde4,1
0x41759b607F7FcBa784E7D9a3689c6828f6cA7d01,1
0x416f10B4c8917DdeE646Db4E4D566B64D5cFA8c4,1
0x4168D958C147b626c16C2e6B3124B4412cA7CE05,1
0x4166687A150DbA40f5b3E489D3728e16A111b7E0,1
0x4159f5DF51faB9b89335990FFFaf1Eb66008A4b1,1
0x414c6b74054be5C628f678c24fC43B069a9887a5,1
0x410a6c7D7E4bDf6b6E8A63614c8ff30BB24fD72D,1
0x410803E601E9833a0d615508F9F7A225Cab1a040,1
0x40C6Ff2a72072659E769873507216Ed54461b41B,1
0x40B1ea6522c372E1e743512bAF872c5905BCdb28,1
0x40aA8f08B7a371a075becDDC165579aC5c159441,1
0x409C6F4A4d50DBc521aa0a9517C0c1e13Aa456fb,1
0x4075258499600aBF75795855378CaA7c5cf06cfF,1
0x4073Bd859bC856C7267f08794FE1f19323C95ff7,1
0x40495ccdc6e6B0610B55Bb2e2bFC08A4951F0cB0,1
0x4044E0a0687e37fD5C9B2e0807446AC9f39AC434,1
0x40393cc2426711E2a6C2d38E1b2EdE955517fd83,1
0x40360F4F0f87517664dFfE28047B9D31145B6BB1,1
0x3fFa85698C4dD96126b033A411d7f5601CE6D18E,1
0x3fD9B284eF8405F82B05062A99157e938103Bca4,1
0x3FA455A4043CBB00A72320D6b7d656a85939A782,1
0x3f99c674e0D76c77D4a90a520c9055ca81C39D1d,1
0x3f773a15E514B90fFdB29802c81619D6610aF051,1
0x3F6e473d9457452952026C6a77eA79A469D8bdd3,1
0x3F53Adeea32bf7a4e8cb196E97401A6FFF1eB937,1
0x3f3623c56Cc427Ea34D37086A14869957a036a17,1
0x3F2f77B51b94059383c801eBcD71fe6b8024348F,1
0x3f2E484C7b56975d2CE4024E7085b40Db23385e4,1
0x3EE2265f239b3aA5307447c6e88f58036Be54524,1
0x3e9f88bdbd46c06071f2C9F1af893DdB6a63F02f,1
0x3e9F44209e3217a81F7913a6CD910B9a379A7895,1
0x3E7BF60D58D0Bb60E8342944662913A2B9aC2630,1
0x3E5662e3b3F63e51B01963a2E1550A3bdcc3284B,1
0x3e5123ff8135748C876B698B64ab95f888F1Ae69,1
0x3E0715A1B08D1aA7FFa5A315B97Fa9e46127525b,1
0x3Df458a4B6cE57aAAc322015e5fAcEB708BfaE5b,1
0x3d0c0b5f6C1fdE220B9c22EbBE9797cEF24A8CC4,1
0x3cF08797a7A2751ffc2a69c165BEc8f54d941113,1
0x3CCB7276C087af931eDbeC52e2BFC05274E0b45B,1
0x3C8C1eE508C6e14F1A56A46775788B8C77Cf15A6,1
0x3c7f9217a9e6B7AB30F714C621c95749412F750a,1
0x3c32b911Cdfd3e40b03655E0f108461CACC77534,1
0x3C173E3d1E6eAf8f697DAEA05a39Ff0c067743a4,1
0x3c0E0842368CcB8340C14bD89Db673FfdeF77Caa,1
0x3bF124372c36A8a946010E4899dD45586D82c481,1
0x3BD21b822f6622DC4439EEBD9F75362C5a8538c3,1
0x3bbF020BF3b4dcf5BcF4704C71A1D9D3017142Ac,1
0x3BB1A621D07f170a939C9a823a68C485dd819999,1
0x3B8EDB920499dFFb87D9153D9e22FF835616a3f5,1
0x3b78637E124f302cA73257Ea6bABC705ac0208dc,1
0x3b3d96D7Ba6d981ed0861E54d6298947B495F68f,1
0x3B3b03cE343BE5A2122fFCbBB7162a5e5996dCf3,1
0x3B32DEec1Ba87066088766e6a5013da1edf7653d,1
0x3B2ee7837e3Ab05ad6dF8ABC6Aa2d6c1D81E7BA4,1
0x3b2e2a702C409dfCe23838C1E515854be47eA763,1
0x3b2C439A9997D0f06443f4BA44A3E4959C8854a8,1
0x3b0E6184024fA350965e77EB658C23E20F7e3149,1
0x3B0b9B414582f6e03Fa0E2b7FFaE29f59bD21cA1,1
0x3aceB77bf88c3A92079BAa8dB3Ddb172e3636Bb7,1
0x3Aa0271a0403D00E1c23b55E4da9e1Ea8946670b,1
0x3A63566673E640Fa83B2D35a3061F8dCa8E852da,1
0x3a5D48144B5Da6574924D6488670A314FE3C7cF5,1
0x3A3412eE1CA341bD42783e0B88eAc497cBacA84D,1
0x39bA472545022e46AD0f9C9F555A1E58cEc94de3,1
0x39afE2176De832BE2A5164e5fC91E27D1355c88d,1
0x3975530781DB64a9F77FEfAF5f459F6d59E986f6,1
0x395f78FA07383c32FE183bb0ffa8a7E49CfFc282,1
0x395B311F9c714D2989ff3f7C0a0a19740E690030,1
0x395003239f62ddF9E56D2791b1a4c989d8E65b0E,1
0x38B05766FB7810e96891A90E594dEe3dF140c5Fe,1
0x38873C13509D36077A4638183f4A9A72F8A66B91,1
0x3860938314A8783d27F5Bf42aDa92D20d2666046,1
0x385DB27193c7B14Cf7ceB8a949BB41c9Fa6755a1,1
0x385AB3bD42449B1E7439279d32e0488a7fe00152,1
0x3842dC8B016900BfA274150F6a3D7577A51266E6,1
0x3841a52bC4a1666b3Da70aF15B33ad4018Bdda92,1
0x381837b7B0EB014Dc0aBECD9724e7Cd866689d5B,1
0x37f2a93cb2770f666D7f49e3D041ddFB11e5Bcf8,1
0x379212C0506d1A182297928530dd38a92AbFe397,1
0x378c08B7399470482e67BEcfee47A4d12E2E3fF1,1
0x3774539539A91bA9dBcFbA5802fCBdbb8A40f45F,1
0x3756c2A65E70d7c556Bb716FBF7Bd52278A2887E,1
0x37403db50E79631838cebe89a62FE2B34C31C184,1
0x373a1660005001A8f87d4003C61b8B41E167C06f,1
0x3732558AcE6E48170Fb0fe023e617ee1b00982D8,1
0x372Bd88Bd7fC79f6bA11c553107a75417110F5ad,1
0x371C873c902aA79cf898B14bf58095f8e8989FC6,1
0x36Bce4843ce2A555cd97eEfE75BE193FD0912802,1
0x369DAEE388ea07c076EA9Ca0D96Cda16e2daF199,1
0x368aBAF15a9B546146521344Db167902929e6674,1
0x3676D68cd9D6C0032C4E2e24b46Aeca9D4fd88E5,1
0x364D936Ba538122E21aDdBe27556094337280e80,1
0x3630Ab305635199133315097b31099A44ee13497,1
0x361b8DB6C1a587Fb71b8877701Bb0615a06cf914,1
0x360cEBaC3453204D44032d4E4d2c9896DE48a85c,1
0x35a569f2ad032D0d6e72B2F8B9b0CE06316C85aD,1
0x3584F6DCC6A6053b45B89e5D9c9b885a5Df5978A,1
0x35226E78809a5DaE4562B0B1fC4cf96cdb6A01A8,1
0x351793eBe67956035889EA68b4CD3d64c58c52f7,1
0x350B129f39226EB42C739CB90ec79bA087b0049B,1
0x34868ed83815AaA53cD1F85032Beaee678A9e8de,1
0x3470992973DB795039d86B3E6682784b325b3121,1
0x3450F5A03a243227220E960E2F1f8Ca7FbE76a20,1
0x344bD24273B95f6F10f910b1251633898F12f806,1
0x344B914BaC7daf7077A28Ee78E8E7602eEdf1E88,1
0x3449955b99fB54CE7e0804a736ce1f8eDF50Ee08,1
0x33d14308158623a785B6E85a30e64dBB16B4CeEd,1
0x336C2b49EbE05D5Fdc7e233423C3F23e6D62D238,1
0x336670C3344e271dF962bbae39057a7E53FBdF91,1
0x33552dEc0bEC4241e16311b28229875354ca362A,1
0x334eB3Ef3F8Ff784d60dDcD13CB2Ed8c0DB8B853,1
0x33206C8BE6435FBb4e135Ce7083ae6745c07487F,1
0x331Eb6e24A56E96Ac80eaEa352a73D7D438F1D3D,1
0x32Ea0fb729Ae5F581e9215A9372FD937fEa0517b,1
0x32A739E42F3d3Ec9b61a77a4015010bCA4801503,1
0x329Ce3f0bb1418C2Edb073aAc849E70a57ca9fC9,1
0x3298aD531e6997D11A307de9dF5A208399708A59,1
0x325B38bFD989ed85079135573e0e361ca7A2f44E,1
0x32573ec9734A1054cd0E35F0e28314e688089138,1
0x31d25fcE9F76c6C14b4753B960ee0df040BC6190,1
0x31b387cd55f9Bb09dB50f903E3b928c17Df7fDfd,1
0x31A406EfBD18897c85A028CA2Ad9Bbf06FebAA2c,1
0x3198eDb222d3e57a6c30e6aCB04eEfd5b6d9b870,1
0x3177a849e797CC2E81D0CDffA1146B35Afa79Fb9,1
0x317793F94725d590b2DCd28Be0Bf1A185ae6112B,1
0x31738Dac34244088cE78284DB1074e03DB6F1743,1
0x3154Ee555AF9BDa21431B99B268BFb419B1e47fE,1
0x314174310c3934c6924EC451754064923840aa99,1
0x3141042F0F86cC4F3d2d9201b2b9e486EA7A5CC1,1
0x313F493C1ca985ce38DB74b57eE7D5C300529C4E,1
0x3122ac3caABdAc30C69b66E0Cee2D599F1D358f7,1
0x30d2fE5ccb0AADe2914c9475229F2BDD0698C5f7,1
0x30c8c8679B4D4250bA510719F7c4Ad869E55f9A6,1
0x30c842b5091BCA284e6Ce48f3a07d6957F17B225,1
0x3099cE94b9dDB6715B1169F61Aa0e16ad818Ce89,1
0x30492063C99dF06cA3992915F63EdAb499985E71,1
0x30409B959693E4B54A8FD909C6Ee73BfcCA91E19,1
0x302A64089AdA835e59af1f17c54497380A3511B1,1
0x2FEB12B34a09Cac2a518e51E4044A46800eE8cA7,1
0x2Fe3DDF0A9e8ecBf981F6Cd64FAA198DC2fae261,1
0x2FaB3Fe531CF128aa7D1D9245D2b7515B125116e,1
0x2F2F665974261C4129b1DC6c359BD259CD66f78A,1
0x2f225F8A538e7fD613e8ba79DCDdC7D1422AEd1C,1
0x2f1B9Ceb2bBf8479961A41B94153f44d56c2F22C,1
0x2f1B9c45421241b4eA9f5c36c9A8948c599A8B4b,1
0x2F180fD1378c6Ee67511C4893B2Fb1fF0e4Bbe3B,1
0x2f170b398D867bF5aC0d52cFcBcf2C580533ecC7,1
0x2ee901d6AAb21Aa32e50AD15779201C2D6637092,1
0x2EB2478559a8C62A32323b14B4f9318223729b66,1
0x2eA635F3FBD75fA29EB7b92772F3F5C5395E5760,1
0x2E7FE8551847302a76C9c2201B7228fE382d8a82,1
0x2E1bfb63Fb937b0d8B5d48983C640677c5cD7eAc,1
0x2d8Dd5B7fB0ca098F0A230b41E3c5CADA6F1F165,1
0x2d5E67cf8e330c704D59e660A997Df8199c050b8,1
0x2D4c68C62648dcB47fB44997EfE0906f64A7074d,1
0x2d4b8529c1bdf9948537E00fd0A63307c9DE3cb1,1
0x2D42d6bB3d18A7be35D76b599aee9D3358b22B3E,1
0x2d1fb523D58c37A8d75bbD6F7aADE7FC553A1A94,1
0x2CCFF304eF578B238eE82E1D1d53c34e80B48ad6,1
0x2C487C875FABc16a1c6088A5D34cA5cE23200beC,1
0x2C29992AbAA29763C22e3508F10F7d734cb4e7cc,1
0x2bf047D48CdC4654FcfeF5e2DC34b73036Cbe4Ff,1
0x2bbC124B13df24D2DF0482f482B51EB05696E996,1
0x2bafeE679BF11c9A6e0a056A799eD8336D8d1c07,1
0x2Bae4279c318722aaa544d3114C6984D4315cD84,1
0x2Bad924208E881557E6Fb5511644a24299Fb4F76,1
0x2b960696145D8A350EA6487789a184EA3600c51a,1
0x2b479e566d578e5092f89E36b3e97f14f279f0D3,1
0x2b1eb5D1FB443d872e7ca3A82E295BC8080cD403,1
0x2AE27f5D0b8E48F75174F28d51188905EC1b666b,1
0x2Ad5e859ffEbC012F976985407b5B4a8292d4ae2,1
0x2A7093F709B1833460e5f638B04cE04D5B33d2F0,1
0x2A5E74d5D44651E893831Ab8C3C0Edf614E65F25,1
0x2A34B50e66c763C440d8fbb9FB19356376AB7e76,1
0x2A2A034ff6bCBAA143D260d980D6eB9A8126f827,1
0x29fBab1EBd4DAbb69c6EaE1f8DBB7b97Cb7d680D,1
0x29E9D9644561C9e0E1586C7Ffb56E9726aa109C3,1
0x2988D030b060EC8C226Eebad66682e5b0c717424,1
0x296FE7B32881281Ad299ECC977803b855743eB5e,1
0x295D37AD80c1a23e8fA7442072581ffC5ad18A93,1
0x29405Cc41C4Fa09D27139DcA61220e3d7012f99E,1
0x292c924b8B9e66e2525057196099A5B981E57Bd3,1
0x290c85b7D1C39F12187492c5fbdd65E7129bcf41,1
0x28c63Eee4A0e4E3f22195eF767A0e6B2731d4030,1
0x28b70156ac20092a961c04AcEEAd0De2e57AEd89,1
0x287beC03eafd5F3aD2f5f2Fad0e9bAe137aDFa70,1
0x2877b445e7B0Aa2ee9FbB0B8C3592D2FB4346387,1
0x2820A2b534eC948412699074389EDF8aab88aD30,1
0x27Bc5F4Db8CC494c65b667b71018719D0710CBfb,1
0x2768EF0331cfde4CaB0FfbF989c8f9D622c64C10,1
0x2719e4c5F93224F02D7B0cA9F86894A98F49e21B,1
0x26d3d0888e92688796a05a54d87961faC848d8E4,1
0x26B0Cb964d19eC7f55D4f822d2bc678262D25867,1
0x2671B0e325D4AA9205cAa55a89BD0e40C0DA8057,1
0x2645B69ccE1bd5693e689F2a497d3B4F2cba8ed5,1
0x25F67793A1BFb1Bc2dC7acb1b8793f078d939354,1
0x25E6bc33060c1fEe8e08532D0c1C32c4cBF10E2c,1
0x25e58696FBC8eB88301Ee06a57f77d9f0715Ec97,1
0x25DD9CD8D95324804e34Bbc69d4322Db3504ff1F,1
0x25dd171D50B5ea1984C427a878498dd1291678d2,1
0x258877c3478f744f2F50b4Eec2504ecd69B2E3A5,1
0x2569A1ae43285804944010C805B9B70023B2A19F,1
0x250d7122eBC5ABE65819a013188fc0d8905537da,1
0x24F193262c575a66d729334F57bdF82d8AfF74cb,1
0x24A90059bF3e077640C0A50339107cD4ec79f459,1
0x2478c895D589c86F8a3B4166BF50532250449c47,1
0x24381906d1c2a461620902fD0c0370Cf296083Bc,1
0x2434A54c54aa6B6d02a03cE931cC407695be61E8,1
0x241bB606ED99D0Db0B6Cdc108c14467B0FdBC6c8,1
0x2418Cf3404A91D4C0E24b919BE8b73C5D8D4c1f7,1
0x23f0D08797A87e63f55637b02EF25361290D52E4,1
0x23C5Fc38090643b410c8c06C4c0F3246059E98EE,1
0x23B7AC76707503a79acCDC8e045B4Cb9cF277A87,1
0x23894dd02bCf6137F4d3d4D66ddA0cD87dEb6963,1
0x23784028f141006a9C885Aa5D8d289b1E33aA3b7,1
0x22dF8f85AD9850151582F89E37237Bf0517f87DD,1
0x22Db23A5916f852F945eB7B8B9ba49822B0616D8,1
0x22C70CB699127585142b10607A40C8BD516BEC9c,1
0x2294476a8b4D6C5b7f87C3a1e6c823f6117C45C2,1
0x2237fA99428e02727C45B419514E31C59a6f6c30,1
0x220a6CB04d48CA2c33735E94DF78c17F8B0F7C9F,1
0x21C4942e244a55eCf9A532a7D64eD0eBCd9e610D,1
0x215C7a8f8e4D47d296eA243A518Bd88A7bf9fc6b,1
0x2103b7a6e25fdaEE150aB4323cC12240355D25cF,1
0x20f2C7b31A05f318888119784cc7D193c03EbdA8,1
0x20B278B9A6715fce84F39Bb58382c956cB5c391D,1
0x20aF7316E7bAa5e8fb42fc2f52641A5236c27515,1
0x20aF12E19D928B3f928948145906f211FFa57eA4,1
0x20482Cf45e87103672D5622a0c55421b560c60e3,1
0x203a7f8A55eEEb8Fb7d3dA0ECc440b798627E15f,1
0x201Ae4aa8a838d5c11F024D6202598C62f579111,1
0x1FFc958BC75D6a7d7fC673F8De6Bc3A580D1522E,1
0x1Fed11Ddc19A0E0948d9C97185B3feCE15Ea62A9,1
0x1FA9A0a079ac9E7Cf4Ef74C10d663116B5C360cD,1
0x1F8e8AD4A0F7a8aB0d8cB27b5AaccBb110566b9f,1
0x1f770a0aF0e2dc965C37fcc8A6Ca2560472e1d1e,1
0x1f3dcBe98d493Be1f047a8A351a94396215C9212,1
0x1F367E135c820B3ED88c16eDb30eF2D508aD1191,1
0x1F29cba44478Bd2df384e4b21B39e6fB92F350fa,1
0x1eE9001D434b8f5ae45a59Ab482F66925eF8218A,1
0x1ecE5100927550F86e494f77Cf3e7A600e1B9365,1
0x1E8cd608e37fbfedE9721fF1B94Bd5E5b149c911,1
0x1e21d7fd607E03a77c8679068CD90DD8C3814E7B,1
0x1DfBEeE45D78AE93934DF5F5e18387f8b3590386,1
0x1Df5B9a359EE2809e453D0501aAbE39C478a13c9,1
0x1dEc19f2B67Ab2f447e6BC9e7F554b344573E919,1
0x1dD87c1D7e20A29d8b80D676946f19776B3d444f,1
0x1Dbe67C11c718B4F0D4C22DEF41ba35FC3f6Cf18,1
0x1DB9E5b827D4503BB59Ad7a3B74ac2F499d53Be5,1
0x1dA8487B529d17Eacf61D0fa8F03bCB6a833E74C,1
0x1D766BE08132039b9c94e86415Ae0B4D5778F181,1
0x1d6038A425059545996eB14E34cFb8A3b7791Ec5,1
0x1D3E52C1217458697291A6839C8aA3669F60239E,1
0x1CE45aB88165e6e27444DF5EC442B2F2AE2E8342,1
0x1ccb144B700EC726d37Db38c617E154De6d9c0d0,1
0x1Ca323E658F4688996ba3Ad73F1f9e6b13448CfC,1
0x1C7cf2EAc51647E4E008CF1c07B8D9f8db73f489,1
0x1C6aD3A22a8f40A00a106Ad81B885519BbF43CED,1
0x1C670dc214de4819730e7305703ec8C986B8C7fc,1
0x1C48E034d5975A0E080EA3E427Ec4A80c53f29A8,1
0x1bcC47183112f47d7D999501C3b620a1CcF3F3d1,1
0x1ba7C949b058e927e069e7CA0daB2b62Cd119743,1
0x1b8C9CcA4492253501cf16f5afF2274f9bD7324c,1
0x1B291B3D10755D14989D135BF6020452217B79fd,1
0x1B086C829C63808dc4c760c72df9F91aF98a01f9,1
0x1AF3C165c39cBDb3de489D9AB1Dc5469685F4291,1
0x1aE1F53F5006E3fb336a6d7E54c1c45aa55806aa,1
0x1aB7966a006D47AFe62c315CC467d192d5A107A3,1
0x1a8edf3D8f53e6725772AF5D4e830062F7C00F8A,1
0x1A81AFd356cF715dBa4b59d8242550BC7b7AD186,1
0x1A8028927383A0665B62B4AA6eEfD5Dd66cB5A38,1
0x1A488a9C4282A05E6d7594E598fb879aA8013690,1
0x1a1ca7f86e3dC901e2FFE532c4484e9E57D99fbA,1
0x19CD3605D3c490B8E6a1538aCcb45D2a506DDE7c,1
0x19c957A2b53D56227B6232204beEc74B3d877f03,1
0x19Bc02cc7A66f377A0237Dbf01b36B5F9Bc284A3,1
0x197008a1D3e26A97A19f46C121482969cEF95b7d,1
0x1967d7FE616530Ad667c9645d15Ab8E957374Bae,1
0x194E16E0ABBc334E29A36083dA9e77E07a5656BA,1
0x1930b7F236d94E872A0b9DED104Ba092D85A3856,1
0x18ED0c7ef91aDB5ccB744661E33440b21F76D711,1
0x18B5418c1AF447C1673C4bea93A8E582fb2B696E,1
0x18958BA039F66dC7Ec399a04227d0D0F032D2493,1
0x188D36F87ADf151B700258de61EcC9018d89e5B2,1
0x188697f39E2eC9e6E3C5Fd5cBB36b8C01C81a53f,1
0x182a04cB8c05F0CFcefa176a796006c353857103,1
0x181235Fb8233aDFFDcd878854e7033ef66e3AEAc,1
0x17F97150a7c13697725d4874F1E966d64bfd3dCf,1
0x17F5c6446640c7ab4036DE1D8E1De34798cfc376,1
0x17f43f532b3F91c1628Ff513290e730446Cb9355,1
0x17f17D488F548E0E894b967e804f67c28699E558,1
0x17d518736Ee9341dcDc0A2498e013D33CFCDD080,1
0x17a7330dB952B29b69BA2DBc8ddf7e5049ad624f,1
0x173fEc60BA710Ff089F18D809319a5Dbd1d62512,1
0x173BAef3b5502a78b81Ef8928eCdc3403e2e76c4,1
0x17316eE66C50Cc4b807FDC5E940F89a97c9C3282,1
0x1702f2d0df7c99011a690461c34e51BD81cbab48,1
0x16e0DcCEB5634bC75FFBd57f4C93246d2160429c,1
0x16C90008Ca032dF85D5cdF06eB69a6C329B4Af26,1
0x16C8387D21514dE3889b126ba1D565b1B090Bd01,1
0x168F87fBfe36B84E44B9d06278B2aA1CC73d7400,1
0x1672EdcFFE31aDfE3C9283506578E7bDdC4B9134,1
0x164e644a4649026EA604f3bd0ae52631ef5544DD,1
0x1604EfA11c5b7392BFd161f6194EB7d636e01C31,1
0x15f31e1315196A104EEaeF2D575e327FbE9C7ffF,1
0x15A712951A27c681194AF8A65893B414164fe3Cb,1
0x155A53d0c1b8B4Aa0AE77116F968BCA8c8e7230d,1
0x15376620Ae9261AbcEf4dA896B1e413B907d25FF,1
0x15198bC084d3c442666C6a60b2F3f35eA50D9893,1
0x14C6A3Fb0fa46A43d01DC7426D7c27cf8C71c10a,1
0x14A5D5B8043B2951bd8D9e6e90f06832E385258b,1
0x14998a37c82f64E84001d730c430BaF60B3fde88,1
0x146238902fA03ce38Fce81763140532FE394D5b8,1
0x1443900A954ba15690adDc251ee619092D2dc958,1
0x1437250968be0E8CD7A8875167Ab60A4A3b3F7Be,1
0x1412729138834ffa100473cc7a749C7d17fb73b6,1
0x13EF055F9eA6aeA23653C01a4924DECEb242cD3b,1
0x13CCab726695c1cF0212D08a8CA09fCc6778e650,1
0x13Ae9A8e8295fd62bc8863A7Fad1fbA82C6B45Bd,1
0x136f81563cB4C829B8adD95CDde09d03716D6C2D,1
0x1369F0eBC29e882F33921202E20eB3C1d51130d8,1
0x1341df844780b66AF4ccC98Ae0F34be87eABe1d5,1
0x132e55dc6cd26F5eb3233928edF0F682d8abffB4,1
0x132289F7788099b07C1D12a6bFF0a79e6d8aA8d1,1
0x130C82dbb494cF131f8884e4770BfA30Be3416B8,1
0x1308b80b68A01f3304054dd204433c814FE049aD,1
0x12F72CFd58De931834CBd39177037e75aC890d85,1
0x12d3960f2d0B4A17615F7D1B7049236a94795b8C,1
0x12b3DA3e8aF0ffd987a88C6C5b9b0739Dc0Fb968,1
0x129b5B4a911315c136fBD758565131b24967de65,1
0x123C6D7D6d0A15BcCf7204bb5F5Dd6eaAFb8871E,1
0x121bb05831125D628459fc76BB16ac92aF3eeA84,1
0x11Cd4E7dC1E870d636DB024AA75acC12dA07ee4f,1
0x11b7246173E16F8C10b07d04b719E48282EBe2Cd,1
0x119F8a224E41CBdd5961Ec8811dda02C1fFA34AB,1
0x11682A2825eed5C468ef86752F0eA3a10EAA8a75,1
0x1162C4e0833E16CCd399b1a8756285e31686d127,1
0x114d10A2FfFa9aE13A273bBc01307e2DD57E347f,1
0x10afDa46f86AEB4ced94af7dd0b817f8D6C3E37B,1
0x10701840A201f2DC62E34e872f5EE74a1978b2C4,1
0x1001d2b323c5d6bD07405137347A633c658B5190,1
0x0feF342EbA31b60269eA44E7DDB00b89399915c6,1
0x0fE38E1Ae0Ae838aA7B24C7CCCBc0c8955921488,1
0x0fb7701e8f6BCeef29f114873731121b55FB7903,1
0x0Fb75c54038130A4bFB753c3AAAa21266625Cc98,1
0x0f7E12B79A8223c84A2Ba44DE77edD6AAE2211B9,1
0x0f40915174ab51a59cf82502bda9D12Eca817202,1
0x0EcE310D5C8dCC3cb36731823846238504110360,1
0x0EC1360FCAAF0F12B902387d74102888ff3B70A5,1
0x0E9B063789909565CEdA1Fba162474405A151E66,1
0x0e97862e0E9D7bFE430C90eFcEf0D6f0530Ef6C6,1
0x0e8BB213b61b740A4CE5F8b59BcbbDc05AEcd615,1
0x0e75FCf9DfDe4A57BA186fe4993DDBe40bFB88B7,1
0x0E64d1C50bce2dB16ef63f54b19A594615B3aaE9,1
0x0dF8D763Cf1AFC313e982C463a9b3Eefb2bB02be,1
0x0dcd149D8a0Bd20305E848DEc11E7A568f7B9209,1
0x0DC9A715CAc33B04a25331D8b50425209C1703f6,1
0x0dC89D5CFb8b4dfE0021C5F2F457689587ddCAEC,1
0x0dc3D2b13EbA5C6B66bc87a3CD9db8Aa19069E83,1
0x0D88ab85DE9AD6416c13D2f6ae564b4944C510fB,1
0x0D3633251Cc5157304f5088B99c5ae62D43FbD4D,1
0x0d2658B867131878f048624791A36Cc75A0d14FE,1
0x0Ce9Ef2F19B3b03d6A2ad2d8Ae1f0F31b1938A15,1
0x0C5E9dD90b2a3056E175099b256A875FD94063dD,1
0x0c47c5F0d8AA01470095149A63ee69cb60ada1b1,1
0x0C2433285231eFa4e734c311D9228930797AA99A,1
0x0c2346BE927E80B7b17a46A7D3e4aB739B79Db04,1
0x0C1633e0BA164a9DEf56d86d7c46afCBe4d28a77,1
0x0C07fC4F70348C5DE11cA5C1b99318EC7ABeB4CA,1
0x0BE61dE186687c4E16F3651704Efe91bFB951000,1
0x0bAA007AF545a2F27Ba55Ba1E5d468e16743B61A,1
0x0B96940D7409FA9b5E5d86F03c4847Ef5b97746B,1
0x0b8F0E29f80b91674260d3496f2530727858Dbc0,1
0x0B4678CE83DCEe44cBb31295e635B915fD03499A,1
0x0b45682592EdeEe7d44B14152ca60Db5a935f524,1
0x0b40d684f94a6E0CD00E7bc9De9156Ec8D9e9c54,1
0x0b0F9f02d9aEF778433dea88C4BEC341D6C86834,1
0x0AF26077BD99475c2C33579A7fcEe3F31F1D4E8B,1
0x0aAF37c3EaaA42d417434Fd2ceC555846D46415C,1
0x0a996e6Bc36c1eD6759F1cC70939A620Ca049C07,1
0x0A65C215CE8abC782A4B763FFfA10a41652Ac42C,1
0x0A5aBC4eEF196994abb9cd34fa8FE9229Ce53e4f,1
0x0A43e5Cd991852e539dacD2996Ead14Cb9ff4909,1
0x0A3D9d1743833bC28b3fAcfb4b00eC259A7B5Fff,1
0x0a3132cc888e459E7b458944221923df94158afA,1
0x09fBd9CaF3eD23A816661aD4ad6A7c6b36F4f8dA,1
0x09f52E6ae1649551a7AAd0E089E04AC0D622d486,1
0x09F213953D92F865b949B3E39b9dcFaE687d4966,1
0x0949e73EA43Baef6a0f4e3A4D9B03b4952d47519,1
0x093e487f6Ec8b64C8fc9ef34bF3635C8A53E1513,1
0x08c5aea9F99f0A3c580Ff2D68B35616475151dA3,1
0x08b35d6cffFF52e3D619140Ad88ED43d9C6e66D8,1
0x08B13c7FCF0Ef240a089ddecbbeE232CBb03060F,1
0x08abb6154730A4E06D69b6cD2dde6f682D6f1083,1
0x0842DbA71B93F51Ca6d0B94Cccb8d64f651ba56e,1
0x08061468338EdeD70CDCbAf970989b2f4431D416,1
0x07F646cE74932688d287F1aCDa9C6AF37ae8107e,1
0x07Dd47F0b09938E74B535174Aa1480102E1422FA,1
0x078D241DBE88c96D02e69cEE7e13BE12b3612205,1
0x0743542070891051861f8D0a4550f97B43B0B89a,1
0x06fDc59B36e1238499572d7421898674db2F4352,1
0x06a1E61244E6A55FD52375b3faB913Af9249952b,1
0x066D22F32E6009DE31435887650C65E6f728D34E,1
0x064cB0bB4c8ABE11935134aEE670C032D6833556,1
0x0617Bb3Fb9CA7Bd0cA93A44ad0f93849558E1F72,1
0x05effE2f11C3790Edd091b97b3860eC4B275D9E8,1
0x05c2974d048D90EC5Bfa124B6369396727B900fd,1
0x05a87f1738F09970D84325b4ae9Ee5a6B9523bAD,1
0x05A3A14b4C179b9A3a3F3A8933853F95dd87B9Ea,1
0x057a484aE712F7A753B461D9f172D5d2Dd69bf69,1
0x05774fa61Dcf794880067e483c7520ec38167502,1
0x05747fc55e8156F2337a5e525f5c5818BD8f195F,1
0x057048197FF499d1f3111b05a1C6E9DB9B27eEA9,1
0x053276cC8D71430156091ffd6Bb1f94f41c586d5,1
0x05067961bB5Ecc728cF2Caf6d43564f41FAf1209,1
0x04551e5e524567bdF181dD413978339ea29e55FF,1
0x042cD024EC30CFadD9856C0427b22F25bc04Ded3,1
0x04249c7bf9EBAA94772Bdf3Ba029C3Bd94E99d9A,1
0x04214beAF079B42121baf4F427067B3C4F725cd9,1
0x041EBB58dB319690823589dE26360b84Dc8DBC17,1
0x03Cd609d7C8C4f436F58e8642Dea529E752DEEa9,1
0x03a0EeE3FD0c02f25038258455413B90262364f1,1
0x0379ed895F8b2DB1bA771ECDDEE2839E1539fe18,1
0x0345909427ecfb93aEC8EeEE38415Bd500515aE4,1
0x032A7A7E6dD81Ff4aE4A845f229E0Ee54Dd1334B,1
0x0325D1bd0547758E922834f3b5D1bf6Faa946C22,1
0x030050d2353CF2D1798e34a422eAe45d2530d012,1
0x02d58816b90d3d9628B986D6accabD0781a6878C,1
0x02Cd31aa3cA6633d2025DcDC5469A922D5e4f690,1
0x02CaEd80AFa8025B14081a4846C58faC35fc81d0,1
0x020B0D4c844E0dBcA51C9AB779DF0191978c0359,1
0x019Ed608dD806b80193942F2A960e7AC8aBb2EE3,1
0x01407772c2368D5752c59978baE92158bB9F2816,1
0x0136B00bE94eD8Ea798F40e37135596337305461,1
0x012E868121DB86b3dAc062F58cdC797c8879Ce7E,1
0x011d67F0c5ebe651493f9d2f1d0d8945BCCac560,1
0x011A8FC358Cba4587E66f464e9aEE0f62c7a647e,1
0x011211eC9576923988C2Fe5aA3a362528c4e7e64,1
0x0100731d36ABA049B3Cbe23e46f21731889fcE5F,1
0x00F464A7DB51F855104Ee5d2e3148Cf86ef58e48,1
0x00cDEbc042C87C95e439E1AeFa0Bd3a8014dA577,1
0x0087B8616714e74d681430bf4F9A1189965bB16F,1
0x0072C37F4bdCfBa172434A306B9AAF1CEFa0D916,1
0x006fbD821870E99dC3579a793E1e39508d96Bc89,1
0x00517b07DB18A4210276398fe3fab14Dc60F495C,1
0x004A82a1F1Ebf4A895A592b2070a7dC25C322E64,1
0x0040DAAC32D83c78546ae36dA42A496B28ab09E1,1
0x00341638704e87358C34B2886A5fc2f76EE4f8A3,1
0x003170BF04615DBcc0A237dc7364dF6bf3Ed4Bd7,1
0x0019545C100c3441C4E9D40f24478FBFFA53fd8A,1
