address,holding
0xE28033a9BD54202d5f2487dd2C8518F48f4f07C2,10
0xDa3863583c9FCd8A5D3506D91AAF33157124d1d1,10
0x733F6AEbf69D1B80B5B88859240cA155D50517d4,10
0x61e75a8583e5eCF2A6018b138D98Bfb64F30042E,10
0x505216f954D09B868115B29F48cEabf5393e3faE,10
0x19A57032bB8B8EcDa4651F1E080add6fA2Af77Df,10
0xE2eb4d14a69028ee994446e51db0F2bbB95C1d4c,3
0x81cF8aed4CD8eAD1a80cFf195f0162BE5b43BcC5,3
0x1aE1F53F5006E3fb336a6d7E54c1c45aa55806aa,3
0xff020680284f9E941aBA0Cbafcd57De78E01c828,2
0xfe27bf8292005ED4C13c47D545c943Dce6a71Ac4,2
0xfCCF5aEA437B4FF4D3c8b49Ff65F64432a681905,2
0xFB7119566BE12046424c8C75e427F2f1347b4Cbc,2
0xF64837fF46C54951B361423ceD885D278921b9bB,2
0xf4abA8e087ab7779db1B3bB631dE11C7250C744e,2
0xf29393374a20AF6a64C3211b208dCAF5a966365D,2
0xdF1D336CFFcD8C01D6a1AdfCab0c9691A3e60015,2
0xD9E1370e4810202e1f38cBD3EFc90f9A8DFbeeCE,2
0xD8d27a482AeBD26Ab8406CffeF5E87EE5D3c359A,2
0xD579B85c27a332CB31dD547CC82fE5389B9b574D,2
0xd0C7a59e3Ce5a289b553ebF7659F5C3316eCFBB9,2
0xcb630c28658d8B4f0509D628D8d947e6F95eA20A,2
0xC82cC9CF1337180289F06C484BBECad8578777e5,2
0xc34E3D19D9D75047D6FD22C8d7c5AC60d8cD30c2,2
0xbe0Fe1f0878e3f5b424c5854dD0Cb1E463F656c3,2
0xB830B2FD1518B04310D264704A4e46f9E083B41e,2
0xb4aaaa14ebEc184523bD453Fb8511325A5A18C59,2
0xb44023b03dB6d6c9782E52969a02145143336ac7,2
0xB2aBa58F328b5e6A167E0B2c0E5b53693dB9279D,2
0xaB6Ea867F4833067F2d7ebC31477cbfb29d1cD19,2
0xA93B235bA171c816e21969A836775077a756Eb81,2
0xa661F28CdeBa35d01bE3593549dF9972d521c435,2
0xa61f23023c9937236080840e1e58E0314CC95b58,2
0x9dA6B5aD2fc347D4bf0a6E21bc69B7F5987A9153,2
0x98b1A1c5BF3F85FEc9Bc27b57A05b0BA67713a3e,2
0x95f6328A532cef7E9c508298Ef9761C482B1c674,2
0x79aAD9Acad6054cdFB1d6916CA97641886A0C19d,2
0x787075E3b69d7Af519fE3ABEaa8F83AdC4Ba7C38,2
0x6b29975137d7dE522bF6C4615051370C55820b3E,2
0x666F3e69B28f3967cF5F6F5785Ae06EAfFA00387,2
0x624951d0782B2161aBDBD5bB24eeb977c4d6E0e0,2
0x5dc15DED0932377Dc5f5288cD12eEb106AE00ee5,2
0x5b7062b68989e8F24371CdE1e8E2D91C78423E00,2
0x5257e9E8123c8DE5108D4d871Df2d221c4F37f62,2
0x30e25eaA01f60ACF52470ccfc57cAD3e245b43c9,2
0x22ee9e5b471b86eB559B9DeF9DAf4fe228A271c5,2
0x190aE684aF6898DdC4b3B80674b51Fa34675CA92,2
0x161211D812692e3B030E9d04669D71BfbF90b40c,2
0x12589211EA8049984C00987b745c1D6322e2709a,2
0xFfFb6B4E75c742E5DD61674a63b6D31AA3F826E6,1
0xFFF37B9427C715fd6c6B319586812D8818eda940,1
0xfFD79b366206bC8F0Ab8f41429E41D4513E78B9f,1
0xFFd6f8DE4f1f2C1473A6f57E026E84Cc14329c45,1
0xfFD2Ff35147e6B1069664A983Ec4B6Fa154F8CfD,1
0xffd0B16Ad371A90676c4442b4065EA01Cf500E11,1
0xFfC1c04acc1A3511f19F2be463d0277421c28d98,1
0xff93c3B26A31C09a07E5aFBD32F4d87666Eb4e75,1
0xff933BFFE002fB638D14fA5CCb6598144984632f,1
0xFF920b0402ce7242e4912CF18f72913B9deE708b,1
0xfF8002ee7175C56E096d824E3525D0a8F4B0b4a5,1
0xff6F5006727B8980Af95a74f25FB776241825130,1
0xfF6f0a4ACcEB65C69313706EA01Bb726c4926F08,1
0xFF36da79cf472A3d0D60f95561ADCE920514630F,1
0xfF278bE04A63Ad9527dE8Cd21313406d9E1Af5F5,1
0xFF0f97d3ffF7aDc990B2350e4bE528b504259Ab9,1
0xFeeE79B218C005615b92f92D9b587F928541c7B1,1
0xfeD06fC7EaE07f660DD4cF44B98C95AC0Ce9E680,1
0xfECf98de69B7d0F9D45C6634187e696D411fF87f,1
0xfEc72be26849546267Df8B4648711CBEf041Ae23,1
0xFEC561A24fCc4aD3B917FBCe29181d8f12c956c1,1
0xfEc0be79352d10e9E475736465ea6309911310c5,1
0xfEB504aA9914ECd30533a9FdcA32e5add854A6cd,1
0xfE9f869a1Dee98606d2770957Fc15DF58160cF46,1
0xfe98Ac1fB5c710a900e2801410687524A4ffecd2,1
0xfe8cC72D95633e3a40CF3D221a609ef0C4807745,1
0xfE70187B9BFbc1ea51C816D7606A879bca999770,1
0xfE60aC5d511A46F87f0D416aaf3553F915Edd82c,1
0xFe5097dd34Fe609Ea4Ef5729A77c8Da20DBB913e,1
0xFe4841A4615b8132E6E116A033cA39333c63d121,1
0xfE3f3cEAb7266b5de5Ae8738727b6cf82F7Be76c,1
0xFE3Bc1eb469C70BFB462A9E208826e990bB078C0,1
0xFe36DBaB33E154D8fC2957eE6e43088f7999eEa3,1
0xfE293768D7592651d3020F82A77e26D5A23D4fd1,1
0xfe227820eDbb98c2B9461E16483d402E4CDBd237,1
0xfE1A44d6f15c46FB55fc86457E4977de8Ae8E0Ce,1
0xFE11A41733EE345821283853A40B5306B9EdDADf,1
0xfE015Cd6bC5e1dFADDC45eDbAeD9Ec32d375426a,1
0xfDFE62AB38122Be697c455f9D1926D4a56E902FB,1
0xFdF77F5383402920540B7470225ea3Bbc4b03308,1
0xFdf6B91A31E061f4b1dBAdfDfe1bE5d2f0487aBd,1
0xfdf44C9a96Acb4d37611F2a97E0D2FB3CDB2eeeb,1
0xfdC7398A80caCC33f321E14424989638C98D5270,1
0xFDb49Cc0911316AA7fDE2E67954b0331A05b244d,1
0xFDB46974b69937e53AD129E586e46B2C9AD01B5c,1
0xFD94af6971bA7900DD8Cf86C62d5C2646fc3ea4e,1
0xfD9346ab4695B81Ca87AF0a357C5f50F6CE5521c,1
0xFD8f43f82697E17C507cFDFEBF75b48d8db149b3,1
0xFD8eDeC39EEC44f1D7D4D539DD815120e5cB6110,1
0xFD892f1bf7B54fE61bFcA6BDd9b57b3b628C7532,1
0xFd782384ed73196386B2F11d2eD83511252568F2,1
0xFD74B442ED342C8209185D53D72209F39a408641,1
0xFD57c9Ebd454F5ee98c89496dd5106Bf48405801,1
0xFd4E653EcE4efd2c6C93Da803C61fC6848314802,1
0xFd47587C6BD9fC5805053bAa296846Ec1845958a,1
0xFd4520753366d35E5Dc2f76d52dC58a5261eD263,1
0xFd42c72449fa84f037d2c0b5525D6c39828B4875,1
0xFd316932ef7B68681b7327A1F9f15CB45CC1C392,1
0xfD04Fb7f56B86d3597e63a982cc6bdb5840bC032,1
0xfceAC2cF71D98e8fea6D9687e3059fc3591ED0CC,1
0xfcE33b006D6243882287261c1dC1F08AEe7E621B,1
0xFCD7B93A7b3F4f1276F1E89b63d22f1Ef4B4BF37,1
0xfcd65b6f7B33bE781aB6881D5F4ec83fe4Fd9d02,1
0xfcbE4562F258B38364D9be603Ed62641b30f638b,1
0xFCba85877f8C8dedDBb225935Af7eea50d84Da90,1
0xfcb19fb84bEf2cfF8De2c32620b463C1E3b632Bf,1
0xFca38Ee63CD0BdE1abcdB56d67dd76aF476bC885,1
0xfC942FAB137118B484261d38fB2cFAB6D7d81739,1
0xFc910402a530F82755Bf3ea467825448406719b3,1
0xfC8977acAfD9A6158c30A4dfDdF36CaBcD2FF63D,1
0xFc848DaD0622790b4349D3d0acba19206218615e,1
0xFc7857fCADF861Ea9Bd6915dE1EB2B3FAFD8D212,1
0xfC6985a6F0C9F1a11CFeafbA3a479c0805897812,1
0xfC64bCa6F17459cFd77Fca8945e20B6867b4B054,1
0xfc4f6D8dD5DAc50818AC145035D77034aE348ac0,1
0xFc2270484d24d0c28eB16B69637C84c5e8f3ac69,1
0xfC1eF2C27746832A13Cf905479eF8E212a18227a,1
0xFc1C1F3f3A1776a11A4Cd45CD0f70165850fB0D3,1
0xfC0213D9d58bC363C3C66Aa1bBE15C0985ce938B,1
0xFC01b649Eb99c24929CcD3bd63ddE7af9F4Bc17A,1
0xfbF0736EB2ac1C4bB0193AE54c53e182B18037Fc,1
0xfBe913623aBD4c997F038230F8198c62Dc07021d,1
0xFbe20f777451754027029Ba60435b53E7a26c5b9,1
0xfBd1EF658D4fFC494a5673B6D83D0cE6De62Ea77,1
0xfBc2c97D6Dc450e807fC82746ba058C332B9338e,1
0xfbC0459312AD9cEC9aC780A67c6aF4f831df2d3C,1
0xfbBd27623dbc7cE7Fe7a044E06F3daE3c4F2Cd51,1
0xFb961089dAd18257D397A23B4D2B00111174A2bC,1
0xFB95C2f71196B3af05BCcB8ecf3CDFDA42E35aa1,1
0xFB872617e6690f4AE5Ddd699147c4aE7a1BA97d9,1
0xFB8718f6973f07aFcf9B79dccCaee819C7b66fD8,1
0xFB780Ff2c8b43b9e4d04FB6BC872d40256dF775F,1
0xFB7208e979C3e18Dc198661b5002D885EE97850B,1
0xfb59cb0397302654D2D482c6865a47E997d7Ce99,1
0xfb55516eB2487B6f4532aaa23C1793A365f679dc,1
0xfB3ced44B94c012Cd52f783E2b37Ca9f3a994b0a,1
0xFB100050d8bA946f20b029B2f038eF803b5A5B47,1
0xfB0946a3b01A8A9036DeBC81388A4Cb97e52B404,1
0xfaEE846D1b579F17D15ECf40249E5E0F7880a5b4,1
0xFae62c9056f9e9c3cF555311aDe26A2eAB01a8e3,1
0xfAE3f9D8E99Fc723e8ef9DF1C31D6038a526F259,1
0xfAD8668568a9Dd1D5Cc7cEb7A9e580a8f1970BEd,1
0xFAd825f03136a499749A167ca3b77A113DBdA1BE,1
0xFAc890eB4C056323441Ec68Cf4528E3f3462e16c,1
0xFac567f9Cf0dC1Ea785bb11d56bf02B89339553B,1
0xFAC219Be81D0236e4167163111298934B53a6D95,1
0xFaaeD7D4ce2FfA63B5F0c7eabb6A71907fdb8b93,1
0xfA9Ff5581cC458D3ba3983308F93417E5Fde2013,1
0xFa7C2759A13c34DCAfb5eFFd96fb645a570e63E7,1
0xfa6acdf95EAB0B5FB855a28cCd351694181D12df,1
0xFa67af95eE4ce8b3C47fEeA6f1Ae4b5dfb62657A,1
0xFA4f08c84F6e7a8175535479745317e85BfBC9A4,1
0xfA4c4d9D58a8aea19821E9B38B8CF0BEA090abd8,1
0xfa40ae827b8C73ef833A9Fe0C747eaB5f28700e1,1
0xFA3Bd9277eC3f49CF210a388FB608e9F89c7D7f4,1
0xFa376d0628449ac8c5FA50d9dcE8C2acBDD53FCC,1
0xFa18b9047Ad29f8B66b556da8e97af1b6A57E39C,1
0xfa0EabF9Ad1bfE0F11867481D33150e2ACD2398A,1
0xf9eC946c7D7Fa6189147EeE1C2B7bF418e7eB705,1
0xf9e96b3190e5ae39fa8EA07C1E85d79E6e2671aC,1
0xf9e1D1e9F22c96752356AdFd377231528c7E851E,1
0xf9cE33E4Eb5f2826cf9Fa89F6BD84E21C26310D3,1
0xf9B9ceB7680d269818D3BC5fA5CAe9a14981E008,1
0xF979A3eD486c7BB5b29fe2e6E4aCb76bC1448a02,1
0xF96D2249A7a622f56DA17943c378A9455CAf54aD,1
0xf9685b6b0BE7D051458C9fc9931A88435F8C054d,1
0xf95f8d25946D4D671048EC5D76E1B433b20E8D79,1
0xf95274B1E0c1382f9B83630D6D51D17bB0735b40,1
0xf9505D737e65E2b4Be9c7a7be175b5a6Bec197e3,1
0xF94BA062308EA92f7AB3CF55c4B410339717C74d,1
0xf93Dfcc59e7C2ceE3372c10256FEE0A418bfCf13,1
0xF92A9C4F76681b6b51ce9d132D816b53070e6b8A,1
0xF924AB834EF511B6bd438Baec36Ac50D513A4E59,1
0xF90f56AFa1DaE825Db57fc305B2F8F1Ccf337531,1
0xF9047943d485bFd67293D0213F95880B6503d8D7,1
0xf8fCb6A62a062F3769Bb70d9A99ce8A9f21B5f17,1
0xf8eae804C7c38E16c378a9aA35bDF55DB9bFba8f,1
0xF8E9573e722f24F4BDCF0D877C3F197DB94456EF,1
0xf8dda9a12EADbBd4CF98Da27BeBa8c69AF866966,1
0xf8D928467D5531d70afeD163BD9bA8F263BDC5f0,1
0xF8CF44c2e568821e58B6393eE83bb179C643b61F,1
0xf8C4d188dd64Ca8e01B3275F1Bd967CbA18B54cc,1
0xF8c31C612881609AD66303612a9d85d3e20f0a39,1
0xf8a8ed30c3a97C134c7D71aEced007f75Cc91046,1
0xF89F98425F78eCe5E2D2cc719a4230a4dE068511,1
0xf897422dBDCD47c0F30CF186cd65E53716852Ef9,1
0xF896d91F64f55FBA92d10a19020c8142966167d0,1
0xF88f12a328da10aa9618B1cE2EAACa15EE75B3B4,1
0xF88a39b7F621193ea7Fe597e0b93460d7E1aE0f3,1
0xf886f86C07456eb7c1d6984487011434b7E0789E,1
0xF882c1d73c9ec6d86858e349392e15D0d681B899,1
0xf85ebbE669b48B0A9b6DDCfe2a6D8a54926525aF,1
0xF85A66D93B70E01511AC1a0bdf822b624D0229d8,1
0xF859F0455e65Dc0246Fdd345EeFABD0F91D14bA7,1
0xF83B4C5dd3177dCC30FCBb7CeF75669640616838,1
0xF8219bD4D474a8ed9e4041d6caE01467F3eE1E56,1
0xf81C6ad688b2036B1C587D8989ceBd533c1d4178,1
0xf8193a3B52Ec0DF351a9E6d10E8a276506eA9dd3,1
0xF815ed6D10C0f0F8680c22b6e5f7920542A72Ac9,1
0xf801a1c2f1BE24A0278Dd3A8c0B3Ff3d965d9d21,1
0xF7fd71AabfB65Be63580735152d9B28f16a70041,1
0xf7f1aE6e7634237C02a2d32b7dE3F653177578a2,1
0xf7E7a0BAec48c6888894773C74F628415Cf37d29,1
0xF7b34AAD890fBA5461cFECd0DC25B33942d3BAD6,1
0xf79cD7b73c86cf051D6E814c4E457081e019F85e,1
0xF7979Edf3139e557022c827aB08530a6838259B5,1
0xF78A221A82632b6068d9AFdBE728422477634adb,1
0xf7780D8DBeB116C02BaB256c6fdec04b5b507c21,1
0xf7713f561a78696eCE91f6ea117190595BBa7349,1
0xF770D28F80597297d3606A87B8e46F8bf43ae6F8,1
0xf76BA6280aAda755b3Be5e3d50ff8FE6e17E3BF5,1
0xf768F97b87ab4d22EB5b9c34506ab099f67cd9A3,1
0xf75729DCA43E96dc38F519d1dbefB950Ae95A507,1
0xf754E3358C4566E84955417301e8B79652D0397d,1
0xf7536A6DE3961dD519Cc1cc619321998b54e114d,1
0xF74B46b7Bd0550B615ed2710b315eaB3BACD2CEC,1
0xF73AD3F6B82a8e99bB9c701D498054f9Da628e27,1
0xF73A1Ef7Fb53Dda5cC475629972F14480a3B2E1d,1
0xF7340Fa23466Db3cD211543134069417DdCB1089,1
0xf7334ebB38927C01aA2E4BE9cE9c21F76dD12dB5,1
0xF7264711B188De1a00a75709363787C7461196bD,1
0xF71BDa94D7F318D5a9763124a4964e05c4AeE177,1
0xF706e7B8c53182F4CdE74b4d6C165345Acb2B03d,1
0xf6aceb951AC27E974fC2F364092fBb7e240C4d80,1
0xf6a9578A85317Ba561Fa61E6126682d1F580F49F,1
0xF6A45cdB980Fa5F8fc7d85D782BF68da8899e985,1
0xF6A0968C90186F454b2e89bF4D3680A279E31F0E,1
0xf69fb0953bCF7D7f29CD31871e7b62ffbf586238,1
0xf69d514bAFE71DE5b8594c455D7360E40A576175,1
0xF6994678F78033D70f418C8db4f20B9dB39994cC,1
0xf68da68C7894b62aaA893D49F3B119177C98dE69,1
0xF65dbFcbE148C221C5e4156088bA0EFFF35Ae678,1
0xF65DA45392556EcF05190885D514d2f214302331,1
0xf6599984411f3c39196e3C796fcA70b79ef11f02,1
0xf657f69a2F92C949b7f54065e8D6cF336AD35A5e,1
0xF636AB5417ac22C7ad4cf15dF00D746Df656d30D,1
0xf61758E4F312e7a61050a50f8612d9F5F791d8fb,1
0xF616549cA38b0b54CEf7273869d4495eCe7f1762,1
0xf61467b750F98B40884E23dc051bb297dbC772b5,1
0xf5fE93609B852D51D03b9749d13D4122D76f482b,1
0xF5fBb850da05145b329e3877BECa3f59BDd23E7a,1
0xf5f862a8B4087B39e7aBF82C6c606a8B9D6f2fde,1
0xF5e2BE3Cc5d32Fa1C53274C6e3bA266964097e17,1
0xF5DD4f3f72A3AC0965cEd65f5D9560f496cB9E13,1
0xf5b1Ae5B41Bec4AC1b6485df24F972DB899F600B,1
0xf5AeF882a95C9fA5cf0F493c32B7cf3eA99aC9de,1
0xF5899d4Db76Fb0FD4D1844Ef73e02252f80a1Be6,1
0xf57C4D676dC62c1419D73cE2B329Fc3E23a92cA6,1
0xf565b346885F92558fA59f46F1093AB935cB11F9,1
0xf5652F712867EaD6c824E6b242796d7d5ccaE405,1
0xf5632CFcD668C10949bA06618D50928ce5841aE3,1
0xf55ce491aeBA83bE94d0E4A046c5d13E9a31D14B,1
0xf54FE1bFEA45AA2F7055118ee4dc04e23fB01A54,1
0xf54EC034555FD6bD9B0161d13e6608b7591b0ee5,1
0xf53d2e403B04F56992F854aA42B1052208F88A81,1
0xf51bbA6c7E02e2D206EA03254396aa818A1C4cf5,1
0xf519967C9460b3C39862ea933D23aB075795eA74,1
0xF514fc28E97cE02CF4e0AF729c69D6A6FF30B5B1,1
0xF50b6204615c3f412D38115A6941278Bb9458F0c,1
0xF50546E7aD4E10c7F68410DfD497ED8fC19F1b22,1
0xF4f51F13A72e102c7674De9C20D9598763951751,1
0xf4ee1B18aA71a18102af19e6B0170087c82250fD,1
0xf4CCF70c77b6507d149A79dF883C367f0d8b10fA,1
0xf4Bff4FAFCE6bb93eaEAb4C5EdEd3ea681250d5E,1
0xF4aF0314A06EA7376dA5BdEcc33F6F9800F1aE28,1
0xF4aB6572b1F7551c77F65EC2836f342F264f758d,1
0xF49Ef72e43d75503CfBe7Dd7A02fe155d53b36e2,1
0xf484a6a2cCe70DFDf58E2029B4eC9c45a16dfd2B,1
0xF4761874b158F8238dbF4ec4560eE5A4B8623f72,1
0xf4676e7688AbABDce69e9cCFa9a1d2D79AE70daB,1
0xf455482602ee0C1512c521a079F11A8910c494e9,1
0xf3e0986733Db9a0F4c1552c50a2762b45010D508,1
0xf3De96Dd26847d877960736E426E2d852B6765f4,1
0xF3c858C337E92F049c39b61340DbbA3D29D0fc37,1
0xF3c79E1F93B7D802c87cB56cEE5b04c782F79DCD,1
0xf3C715D0Bf0C210D5658FFFA5a66e61EDf027B25,1
0xf3B596A7c11BCC90C6D6Fc64B0e68CBc9e86890A,1
0xF3b52bC9fFFd157A40cB0A38c817F112aEE5eF08,1
0xf3b059c887172f2cc52b5e77EE3b2C8B3A32E6eF,1
0xF39d75F3D04fec658F966B105d5d96b91e426712,1
0xF3939BD8118AD3c22F078042498d01097A443440,1
0xF37C947f04996F218893Be818F26522072cF31Fe,1
0xf3792d9808C19638155A1cc6072cdAa8ee25F0Ac,1
0xf36EC8A70048073cC6A6aCeaaAA3F750d514bC2B,1
0xF35A6D5e5639392462c8Aa580B03b000A7978548,1
0xf352063bE1ddd2611eBb4A7af9ff95c61Dc9692A,1
0xF340c515EF73324478A4d197Ca94AfbEb42c9554,1
0xF3344708Cfc3D6fbBF264e95C2f910C510E7Cd97,1
0xf327D13cd7bC9B3ea7485A97dfBbD0cC998635B8,1
0xF2Deb68f83bBeC1Ad16eb545fD57F80636702f4d,1
0xf2CF3800DA57a1f3478d1844B58F24c35583a0c4,1
0xF2C290aaDE928B7e62b95D38dc6E7Ac9D5Bba81d,1
0xf2b11473143dC06b6a40A008A49fD00961d3Ac98,1
0xf29c1bA40E18f12Bd853E74a117505080608275a,1
0xF2906F72563E69DF1a784b335de0dC15b3e3A784,1
0xF27B8Df9cd8376EE6972eD3734664B86ffF9b3A3,1
0xf253F07f226fc89Ed0EA7a0Be6c384eb40d5f776,1
0xf24E80e92Fc35A06B6Bf275F4ba4DD2e1c9637B8,1
0xf24c2aacdD817B9DC752880b0Fc52f78619bf9B8,1
0xF2440101093EDCc8810fD204bE2DdC4EACCfa788,1
0xf2393999f4D9CEF25E3f474fA35e909355aD27bF,1
0xF222f955Ecced246f3181d14fB4629469cEB7681,1
0xF2141783416B7A421fDA262CC1032B139022DEa3,1
0xf211B1b87a2A2E495e3EAc04584642C32DEEc5c2,1
0xF2094F0b15eC6be0DB090e038932128D89D9c96e,1
0xF2019C719303513133d41113D6d40353745aAC4D,1
0xf1FdfCB3B315f38851deB0E25225161fa4F5F680,1
0xF1F5187c7c9d1e81a9c975c641dBd27631134057,1
0xf1f3A9aBae6c2AB65cF692FaaA18dA0CCda7c79F,1
0xf1EA4c249D501a2a20A16917B020500Ead7D41Ab,1
0xF1d888d59d360059222F21691B030efa114582Fc,1
0xF1C8D764ef3A5A0D02943ED94E14cc802eEf8A3A,1
0xf1b2098b5e8E73504c66bf4ebef485386825c2B9,1
0xF1A7FdF247eC64384d20322667868C33aaF931B4,1
0xf1a3262E48EFF92D41c1Cb8708fc2c5f592d9E76,1
0xf1A172755b4180Ae2fd86B640A4f3dcc356C2526,1
0xF19eB342dAFF975c357451F7612A626A0cB7c607,1
0xF19C52c651D819eEbA7762e7fC83A2E7B016F4c8,1
0xf17cADaa081f78AEcC9E20C86B1595c44AA52e87,1
0xF16FC9EB4F15E0FA76bf92121BF0b6111DC7241e,1
0xf165A9793a270c1347BadF883F48c36cb5e2310E,1
0xF15B1511616671469A533635A1966a5a81343015,1
0xf14dE36Ccee646C78786b269BEad86F83131D0eA,1
0xf14A2b515FF826089e6899d226e526af373819b3,1
0xf1446A101909365Ab89CC4322704B92F0cF582Ff,1
0xF131dd9e4B573b2fF6D2CEDdC9a20399A18299EF,1
0xF130a9d746B563E9dFfF390F45c9a68B454E4D82,1
0xF12BD23F179435169C4bfCCe7dA2a39F229CE9f0,1
0xf11C0f6Ddd88fA364fC8670547E4e27cFc2dB137,1
0xf114CEe3a3beB8700c78dD602137C1552B2EBE56,1
0xf0FA01501bB9ec23abdaFD69DCA839dd5BB545df,1
0xF0e20ea9A4321C53f63cA90EfdCC2B588417aBb4,1
0xF0d02211853fe3BE3E75313457bc7c9E4EF1DD47,1
0xf0c248557a98C09e4e08BF761925070DE8001135,1
0xF0b57a248668574aB8b1f55A6d5222fb75b47545,1
0xf0B2ab6d3D4FcA98985382FbBd0E07091B10e4b6,1
0xF0Ac1e8660d045d332be4449a6D4eCaAe06Bdd90,1
0xf0A9552813f86988C378DC6cA7B6980165f6360e,1
0xF081ce449A486CbD5870b42C03DD2Ca73a2A30b1,1
0xF07CeA8A16B442A1B9fE7FaE1E153fA473F2D355,1
0xf0795254a5F4c2C309ED2aff977893d6fD9014Af,1
0xf06166C09f2e661668Da1113dF5a2d182dc3e104,1
0xf0548F889Eb700e9192698b1549f180bf230c992,1
0xF04092D1E7b36227D8348783a95CcA4077c9436D,1
0xf01057a583E1E5939EBfa7805380f1F412E88d7c,1
0xf010128e081f242e463Efdd60d217991908bAf2D,1
0xF000984dfC0a00f3A87C2853FD54888c3d61F0c7,1
0xEFed7dA455D41f9ddF9A171f394158313F5B80F0,1
0xEfDc317a4B048B6d46fe7263747517bEfba57B87,1
0xEFDBAA10bf7c18C45B80B5Dc267Acb0d9deE29F1,1
0xeFD67615d66E3819539021d40E155e1a6107F283,1
0xEFcbc6bBa07866212D6F62a1cb328fab1e6A1ad7,1
0xefC5FF84594ebF147dCEAeB5c41079672CF0d85C,1
0xEfbC53e0AFdc9f649Bc1Ab692461df57E70A560f,1
0xEFb50E59627f15b407898a4646D830380590Df6e,1
0xEfB4A670Bd46f3Df9C44D79A2691f573ed6A0CbF,1
0xeFB1F0Dd64cA69bDdeb01dA4B7c244E752ed45A9,1
0xeFB1718244f4B3ce5a26745A73841B29C79c4c47,1
0xEfaf5A82110c7e44b310D90827D4b548C7DD42F8,1
0xeFA54f09c318984c21DA1a942775d1fD7AD889a9,1
0xef8DAb9A62873f4a23d266e80bC5FFBd8e79e9d0,1
0xef7A6BF58A7263B1Df7f5BdaE2F7AE7Ae39BD463,1
0xef750c1Ca825441C9Ab8368a5B1556a0273bA50f,1
0xef7347eC454B72c6fd696928F7e398E087585553,1
0xeF71765E87a4Ee54b8648e785420Cc3562Be1313,1
0xEf68d5c3f2866482b23BfB6C8711e7165F2613b0,1
0xEF629261993A1eE4f6F64f651820CB3f44A58ba9,1
0xeF61514497CE540596195A81c0CBf6ed58509F59,1
0xef3C397E45A0a2a121d811B9Ab5B9E926F330fF1,1
0xeF301cFA99e2Ee4662e4f86AC962a80dCA3CDb9E,1
0xef112fA64906C763D95cC723291512F7F344E9E7,1
0xEEECDF9946583E1624244DF5FC399121dFB4604e,1
0xEEe85b55F8C6EB0fb32ebD97006e05998CbeD341,1
0xEEde272AB3420Cec2aaa8696101e9B5A8dda4D39,1
0xeEcce11aF9d72ae9Ff15d7c106f13349D336aEaf,1
0xeEB85d84f062Ef78B14ED5e888BED30D58194c4B,1
0xeEB60C8dc1F2c4384710cCA2Ec6ed968EC4fd4E2,1
0xeE9d1D1eb00e090FF0A7F7c9a835007a623A249F,1
0xee8F9b32f201ce1cd267F137725011613ead6e33,1
0xeE8b0e33A8fFa8e4058cdc392F6d9B3a5cd11740,1
0xEe74356635A216A1fC89D4921495124c1533b0C8,1
0xEe6DF8091f458983c45FBbc23bF4E2dd8c54627B,1
0xee4D078F9E4BBdDe3B951284dBFE7c458Bd8C7BF,1
0xee224f96FFDcAe3D9A25f1695b36e10269c08aab,1
0xEe14B39d8FeCf5ad384EF56bAdE03618c187b9d3,1
0xeDF424654DCA1E5fa42a6f3fb20FCC068c17E736,1
0xedF303E210FfeF6B1B061477F26f1eE5Ff47Dbf9,1
0xeDDc66047c9efA13Af96E1e383474fb6802e1581,1
0xedB1c649E5F57c87BBC89CeCF0b264A818E98434,1
0xeD8e712ab4A8eEebF8035388E86A56e0155DC083,1
0xed8c5AF574496cDA3002629cC20F3e1CfBd7E105,1
0xEd6Aa751E97cB573Fc06646218F83d5281FDa8ec,1
0xeD65878F505A6f2789F4f166169E37226Adf6c5f,1
0xED520eFA781F38C523317A16fCAE60F7a79ccc30,1
0xED4A59031e82296ED0Ce0E3E1Bf0020A5570150d,1
0xEd42a7c7Bd58e898f3AaC022628b8e8Fd338c078,1
0xED3F482Dd252d006D301A5f541bfaD3B0860b417,1
0xEd3512cD293C412625430C9560D21f8BaF0CcB63,1
0xEd1781C7CA946a97Bd87437bB9BBD296f4f4C33e,1
0xecfe3D1898Cc508657Cd032F6C41f5Af0CEfbAE2,1
0xECF96F8353Cf96E8d678fa6e98aE2b63ce7955bb,1
0xecCE99b4b41a8b27dC280cFB2ee5a55ebCB861Ba,1
0xecCBacEfBDDE4973A9589ee3B5A8149e525016A3,1
0xecc23eCc7364c3883f3d3539882031E281226685,1
0xECc23826f35165d17545eC35E855dfC74102d511,1
0xeCbD14944A52aADf888F52aeC298667368037d36,1
0xEcbBEBeB4FBEf7021D5b60F80BEeCA74D229Ed46,1
0xEc9a6eAB6cba27A82B891308e54fFAba6AC4FA92,1
0xEC93e903566040758334D2bCF67155EA6EdCe0cB,1
0xec89eB209a7c3B1a77e184253F3676F50129acad,1
0xeC7F2c1eF6196E84F3F9d25ab93e2d74E0d3fC4e,1
0xec791567FEDE6FeeD862B788E207c52df3b7c96c,1
0xec6c0B4ab93FC2115A2747d562A425948f8C0e68,1
0xEc6B6e277Db4A217dD828c22Bbb5F4ca4Ac19751,1
0xEC5bddb1D987d6Bc5b400107b305794922e64b29,1
0xec48ec785B6Bb8f298fe4F4a7868ac4F679E4c39,1
0xec32A7C93939C074EfE033c17A90F4034779BBCD,1
0xec2519f0182eE5eD3e8248F56Aaa75631E5D1e06,1
0xEc1dB799A7F79BBDC7418a7063af57fedC7c5b7e,1
0xEBF311E46022Ba152458d2ECA4c46041aF6417a0,1
0xeBe67Bfae6BAcd0816379951b56B2F4A73e1BAb7,1
0xeBe375A15Ce8FfC37c817Ce2CFDd6b84906b332F,1
0xEBe1a475103e94779fAA5472091562714E70430D,1
0xeBdC9c62cb0897bA00c61917551c079C61E26BD3,1
0xEbCFc1E06e03ce455Bd86Ae0e96d78d3e88fA77d,1
0xebCE789204e339490F3fF1C385B93Ca81F601365,1
0xEBc5BB3518E70F457F9e1187eD5B860Ac78ef67F,1
0xEbbE016A81eCf0133234CF0ABd06F047c5D4d5F3,1
0xebb460c815A621F3f89858a28729471E4bD6987b,1
0xeb9Cc7A5c4cf62d632aa2d1dE96DF4776684D53F,1
0xeB939516A1f91c2D386d435f3AdE8ac396E5C97a,1
0xeB91BEfBf37540E86c4ED3f9e5d7dB5EbC129db9,1
0xeB869dc5dC25A0216805bd7595B1F4c255480700,1
0xeb7BF63cCA5Bb836017bAa17A9De824c46700C4D,1
0xeb6F73D3C139e8F53d2550c54687C58B917cE78B,1
0xEB5F70720AA2F63C851a59a7750cB497402a48dc,1
0xEB5D0258a78b8B855E7Cb02Ab22FE4549F8A4636,1
0xeb5B080fc1F4a2502f09D5e5AcA26E098242e21E,1
0xeb57C87d97cfD69b069D6e11c0595132b1283B50,1
0xeB39E490219ED9012A3e37a1403567Ba6120B7b9,1
0xeB2A3F26417e0B10BC44Dc9F51457A43d11d4ec6,1
0xEB256fe71eD492dc4d03Ea0B9152d3997bB83c58,1
0xEB18C95D461b49000084016A2FF5a07a735D1768,1
0xEb17786fE44C93604023D38f88Af3f0f63800213,1
0xeB0e6eCD0E78B0a84eCD9663a041F453C454a99D,1
0xeB05392a28bf74f2339A06C9a31A46117e1Fc248,1
0xEAfFbFaeEFa5449Ef8d5b911DD2f6a0446d9000c,1
0xEaD010c2d0f789883F8bEa2E2298D7186D0A2030,1
0xEACeEa702fe9aFc0FB16D93a70672Fe0Cd3d41C0,1
0xeabaF4525e35da1cFf3ef23361FA5BD35e5da24b,1
0xEab804590011d0650FcB6c4Da1870C6e9ca062D1,1
0xeAAf169d4551132214EAc065797fE1AeD4E7Fe45,1
0xEAaAaE2d3c37F93fF8AA634dc221Fb495a3665C5,1
0xEa9Ef2ab06dc7C1694E47325A4D45742B35c44A2,1
0xeA9e25114C9CB8FE623c9CDa31FD9C07Aa8fa09C,1
0xeA8D02CAB8104D38277dC723842D8cB24f4aE79D,1
0xEa720e330b1438095eE0b9F5DCFe42CB5e4073e0,1
0xEA71AaEB4de8c042EAA09fB8c77135e27F199a41,1
0xea5f9409FC1Dc9F7D516965c41B85EA2409760B7,1
0xeA593FaF961828d8FC317C92def4be75BBa1930A,1
0xeA41F6843E206f727Ee6d88509f6959fcE7B5cC2,1
0xEa2FC2ED571daF216cd30FDD71f310109d6bb318,1
0xeA24918a807399a819b74E30baa05f0375Ecdbbd,1
0xeA10B4e13A9F16Bcf1f3ABC23475f774e642D383,1
0xEa0B80f4CB292fE17b65CD5DA6Bd37307D68e034,1
0xea0b17723f244C26dd1ba181c5b3E8eb641F19d5,1
0xeA0904bC615CE11ACc8ef5E0e61Ec0b6d55E23Ac,1
0xe9fB7810d7A5942fd7b55a7fAb818475D22627D6,1
0xe9F5642430e8d41e476dA0874f3153293C16ce74,1
0xe9E38F23644B2242e49d2c94aA99011F0abA535d,1
0xe9D83837877bDF126Ae99a329F612adb4D70d982,1
0xe9B94C63F5473222a77200a749036C425d755313,1
0xE9AB84567aC1ae8B8b17ab6DA2Af19F261893Ed9,1
0xe9a830AB84558DA8Fbb7995306bDeDa3F1f6D1DE,1
0xE9A6212eF956eAD6A4892Ff9c4C23E33Bd53C1A1,1
0xE99BFc795681dE32ca28A6812Df352041E7497eC,1
0xE99000B8904C5EBd5c9DF55E7ae56dc472ba1C37,1
0xE98D64a67c33c64aC21Db6CF92367551119F2256,1
0xe96238480be692528258d600f14325D539B6177E,1
0xe94ECbe410Dc32E8753347ef7DaDF2103811cF74,1
0xE92730629c362b9642A40A3DaCdD02749882B3dA,1
0xe90e71f662722fC4cB14c53C628217EEefD77a0b,1
0xE90De715D8011E0bFC149A6f3f3b52F72cabdAe0,1
0xe908c2D5613d24D49E376f19715c795DB8E04f81,1
0xe8DdFdc40fd4D122d55829f0d195CC1532E64438,1
0xe8ceD5c467F880837c7fA3F2F05Cb99403e6CcEE,1
0xE8c583ECAa8aAAc7B1243bB9c45BeBD38457e682,1
0xE8C25cE0957110a7B92A2B1b03D1c27f6d21Ab67,1
0xe8C079eF126e13BDC8eD5C66af904406EBBA8184,1
0xE8BF512Ad4C6Ad97416B53ed11472D01E42eF0C9,1
0xe8B29FFbBDFd6383A152a0Af78153419659e385F,1
0xe8ad44c7E3EDB306eb8B0369002F04a66607b8bF,1
0xe8a9a302752146A90Fe996c06902b03b19bc1177,1
0xe8a204e487A026C353cB1438C8D43aAf1e47D644,1
0xE8a1666806cb114626781f28cE07Fc451879356d,1
0xe88AdE0824ba4DD6a36891dD60B83C20462B3545,1
0xE883727fb98574913a9e8a4884557D27C333e881,1
0xe8802506401B0487772C20026241AEfc9c15e729,1
0xe86Cf28219f0FA9eD92a2f53B67d1AF996C11eb9,1
0xE85c4311251885F814F50602516969304a968b8B,1
0xe854E410fD76aba8Ef411724a4624E176aa5408e,1
0xE84f05A482C8C872d0327C1E61C95b4F5a2aFB8c,1
0xE835a15900547dF992c5632e0FB94e833CAf11eb,1
0xE8307ef721D73EA2791183eD48CC326e10C16Fd6,1
0xE8176e7F80845Bf155cc02c26899344c0EbCaeb8,1
0xe7dE20DD991aE50697Ed5c525B18709B76482921,1
0xE7cc47be8DD5249B735faC277f48a17977776989,1
0xE7a5b37565C5FB9c07BBBaEe8DD073D93CC802e0,1
0xE7A30c4bF41956504B4350f481d4B5a31ced2c75,1
0xe77FB6d4a9d94d919FD290f2EF1a21b618Ba9EB2,1
0xE7725166A1fcC07F0a18fd2a0Fb98F443302C7f9,1
0xE7573e4009e029cEaCbD760a552A43b9C7B1519e,1
0xE74F0183EE96d343Ab4C8a8C290583D3d3820132,1
0xE734FB256ca088fbA15729545F88a9A6d4b724B2,1
0xE7220D45c875f9db83638CC9A4262A3CE6512347,1
0xE71Da9853eA796706B21630E1c36a310E9ac5A5b,1
0xe71bd3645301880c74aD4F21c4CC03D3b37bc873,1
0xe6F7FF97421fDFEf440D32BBb99629BFD6523295,1
0xE6dD210620CD53Bb7969bd28933a5e1Ded88c7e0,1
0xE6Ba1dC813b3E50F58dda0633Ff96c2CaD0570b2,1
0xe6b25065A8559d84C8b2e94105efcD6E3F022C81,1
0xe6a808e48ACdbCAD1403c2Ba0D28FE6e3699A550,1
0xe6934b554f79ACb7A6E16CE59Cb4bd339130c70D,1
0xe68C37042345F5BF0aEbE966652Fb5CB81E8E655,1
0xE68750Eb96B10909eA13Ff217949058E21a7758F,1
0xe67E92EE6Aef20FDf32DfC5dC3cB90557A96bb57,1
0xE665697adE39a5013Fe3F98314b352eEd78e4b61,1
0xE64AEe7fbEA5748336fBBB2Ef964021dDA973E02,1
0xE6478Ba5Ab055De881673718E266075a6c8dc292,1
0xe64285eb680CE846396556230a1aC2B689F4f748,1
0xE62f0433b9eA4b3C6EcA8f1BA3afA930600C5aE8,1
0xe6287494913c5C8F96Eb1B8b5f1B7D3D593e2d53,1
0xe620C12993F31077d63bcD44D1C5d64C0790Eee8,1
0xE61e74EdDac813d5738Ff19Ecabbd6661958Abc6,1
0xe61D0838e3caD52037bA95fF8D9768AF43070279,1
0xe614374E4dc351Ed6010C45467F971D2465D2412,1
0xe610B78606f8047a52c3e00a3Ea621b1CD49d6F2,1
0xE60f21bE0a3e125A9acEF8e9ebf8A2DF5e58e2aC,1
0xe60DcC075A1d4f3609A36993F2d56537FC25e795,1
0xE608609D84Fc17C32E28CbdFd6addaB1a552c083,1
0xe6001C00d9be5E0f676082327f0ecDb2587167af,1
0xe5eFb5846b30f6a587b823aAE87593E301e13672,1
0xE5DddE9Aa12335d0FfEd0491b78b321D32aA84AF,1
0xe5Dc286ECedbFA1f3444A2AdF23E0e65ED873bA2,1
0xe5C7B4166d5cFaa9cAE93048cf683F870Ad4faEb,1
0xE5bD8b07f960e77feA96F4B73271efb53F5dC00d,1
0xE5b32A83d861833784eBa3ce254DEec101A95913,1
0xE597d96AfA6f15Af67a72477b62464A7168BF8ff,1
0xE590355976D51322D096E89187BC269bC44c7166,1
0xE58ccd8bd5282Ab6c2c33C5Cc6078EB2294Bca34,1
0xE58B730FD4B4e49D1C948743AA081Ec9c9c66172,1
0xE572C4dC7AD25b9E0BAEAadD58c90225707b65E6,1
0xe5655e620F97b5a0d86adf218d2F56a4dbC164D8,1
0xE55096c19b92D3573CEC5e596a08Ef8a4A1B89C9,1
0xe54B20301fA0b9D5419cd7BFef6f5DAb8C8B885D,1
0xe548d7e6a54cAF08324930280815A070f66dF9A5,1
0xe547AE17fb59bF747A398FCD928c6e7731986f85,1
0xe53b7ECa6335F8925B1B5d10fE47DAdBe7F1af27,1
0xe53085d26544dAF3BA8f66B2D1B108E285cc51f9,1
0xE527121B99795700e23fd7E8954331b71923F4f4,1
0xE50F9523b8FE64A5B312a3b6Ca5312b55956Bd59,1
0xE4fb0BdB28F48Aab4f46a171898C1d0654ED455C,1
0xE4e98E05D577Eb07fb21471606C6F9dB56Db2896,1
0xE4dC0C663a390e3e430F8A97199E6Afb4E374c3B,1
0xE4A7fbFfbe121aF0E615437c330Ed0Adc05094F8,1
0xe498e919dc961700c8d0F4a507344467A49609fa,1
0xE48Ac58e79Acd9C722Fb52e5452C839369b53299,1
0xe462A37f81Fc497F847866e2F7e0d7C4F5ef32d5,1
0xe448d9D70eFe95714e38d210E58d458dab0A77d5,1
0xE4473E75C2004eC05EBc1Da26d31B0af4B1f5B98,1
0xe431119b2248c43f48B09E93E931B90D7Fb2EEd0,1
0xE4138f8235a2B15b479cb844872434200A24C28b,1
0xE408f26f1736e01de557477dE132b1cF58B729b3,1
0xE408ee0DB5e8E732190f3F3CC07c260Ec5395038,1
0xE408D65d495c567aB246E7c90F11d15d96c1738D,1
0xe402AACD26d4b34899d53d977bcE551b4e3CB1bB,1
0xE3F5Ebab783B3284120ADd823E99F07efA724742,1
0xe3f2694c623BBB0F731901286e3e7f575A62E162,1
0xE3E5C5e3dcE459f80AbaFBfDcb3d0788aD5b767C,1
0xe3dF123Df3A8156574BeDC24Da44930030760240,1
0xe3dD8fAd1Fab4532c32578D0609CDEa5c193f018,1
0xE3dd67e7a2579E0369Ae0d449EF7E4a396000752,1
0xE3b951889D95f972Ef3ffe0692F1675e7f4024Ec,1
0xe3b6A486BB7143246f0ab52f1b64Aa9A381C86A7,1
0xe3b43b615500aD2ad63a3B21C9e649b4E2d81FD1,1
0xe3929CBe88439f438ab35059Df00d3286C7c5257,1
0xe3921277177E0B9ACd49f90D6D02A155d6B3a894,1
0xE369e8176960aFa83aaf9a396C52FD091380093A,1
0xe367e2d83715A6Acf1fBbD19437554796f9BF104,1
0xE3496BB15E8c610bA263B06D097fEaFDA489f077,1
0xe34238db91aCbEc6EBB0cB14848eab63dCD665Fd,1
0xe32f6aF1Fbd2fA077B17a1E116cB51C22B5f7Efb,1
0xe3236293Fd7Fa5FB79804dF9476783786445a532,1
0xe3120728e8128Ed01C78B68c922a731BE8a9f15e,1
0xe311458Ea10F6214Dd6a74E1104C36Bd2cADa751,1
0xe30f82a1858C9549f9b42030e46F29695DA022Bf,1
0xE2f4F9BD081359DA51Dcb8977Fb46BC5EC05d842,1
0xE2C2bbAc29a8991C21D50cFB76d56Ef455D85157,1
0xE2aEd388CCfCBc6aF16E0e391d1F33d785685DC1,1
0xE2aCd09EF81FCe015f0BF0ec08Ac9eDD839075b8,1
0xe2AC816E5eE3fD20f3d91c466e553df9e28b9d5d,1
0xe2a903492FCFD8756B46C09D3aAF5c0F96a580a9,1
0xE2a1de209Ff7F3505697Dff9a1F1c944a534C32c,1
0xE28f24BF27CFEC65621894Ea70Edbc23D73CF1fa,1
0xE274323A0f5B2a3DAB72584D3dBF26f4c9Dea3cc,1
0xE256a234bbc92b94A2075ad771138b1b1F961ec7,1
0xe243338ECfAF70233EAefc23dF6626d8685033FF,1
0xE21E9956102CCCFd924495e900D7De57304E4b26,1
0xe21A272c4D22eD40678a0168b4acd006bca8A482,1
0xE20C4225a967a12c40b5CAC343CA3EC7D09a2f48,1
0xe1fd653CD5eA03d20D7e78F5Fa0Adb1918F3EcEa,1
0xe1FB887123cDf6A536725aaD9e9E845808668Fb7,1
0xe1Cb7747eDF5785c853acAA6521e4A4B9dc7cd2E,1
0xe1c15b26dB5069d8DA2CfEe90FCd729B7718FB18,1
0xe1bc79d65c14914969d387689e3A55c4e9A43a1D,1
0xe1Ba099f50bADc27E39963fA0ccBAD67D57683cd,1
0xE196A07778A622586314160b66AeAd1C280cFaBf,1
0xe196494D34d95B0B81221EB0910FFa9b837Bd254,1
0xE19448A2dda77C9EBCcb1E35fEFd488861c791fC,1
0xe18d1c52533Ce026c5930e71450781732B1bF05E,1
0xE181Fc956094D36b3DbAF76B104A5Ba2aF11A9fC,1
0xe173fAdf2ce1340f7d199423dC4111012806Aa8f,1
0xe172Bd02F842e98183cDBb8294Bf23f625588D9e,1
0xE1726c6f90534ebbC85A8bEabc42F2c89636469d,1
0xE16151D8E8B1DAE031D55cFF4BE441147BE1c811,1
0xe15EBB6573496FD6860f7194285375FB94C9A7C2,1
0xE153506be4c07413d0aDf68844a13058deA61325,1
0xE13e2E75d990FC711f4291A1F1f31ecf7c022c6a,1
0xE135a82Ff72831bb970a1f31ccB82b58C48DdBf3,1
0xe12E8915D76A7CfA89889ca44ECE13629d22a650,1
0xE126D54d589c8a8c16c2DC19ccdeec2544025590,1
0xE1225BB0ab19F07312a617373e86a143d87bEB5f,1
0xe120BB8d8D0eDB9f770829D28050f3e849B5Cc68,1
0xe10A76CAc4f3d807F940A3b98f8F87Aefb7a2cD2,1
0xE0fF956E8b202192eA9076d5f9E73c0441f519A7,1
0xe0d817c734B963231a827614558D98b75F67Af02,1
0xe0d0527fFC6D7D64A03c9509911323D4D15E5966,1
0xE0c4A88A1d2B266e70A11218438D785D97EeEC70,1
0xE0c255569751c7aB0F7CaA0022869095440ACafe,1
0xE0BBA9ef3bD7FB5E875Ec21F72ED5E021F68195d,1
0xE0b4643bB55D533c2F22F9F3aB419AD19B5D9A72,1
0xe09aD735d16a8213DC4877cb9cc1fAF8C74357Ae,1
0xE0713083AC89A771A3c1765B9f291C83Fb88c859,1
0xe06991104F86421bCefED1FeBe286b3386801228,1
0xE06529a93410E9DBB394365d572953CBC4084f49,1
0xE052B7480FaC82eCED3630C5256e6b4A8d99a0Ee,1
0xe0527E66ED8C7e372007DE0d65A5Eb45caC53e07,1
0xe0487d9796B97aE2762cF48Ba2f066565C0389ad,1
0xE03896E7dc265A42324e5D41FFaA1F156285b5F6,1
0xE02F0F3C560696F839EAD6fe0cEe6a142457aB1E,1
0xE01395E400c5Fbd31a2B8bAa517c36cDAFdC2aD4,1
0xdfDC4F01272235F5ee8F4d065d0e0659bF4E55e2,1
0xdfDA7181EB27A69d897E82cF96C5BcbdC3c059B0,1
0xDFd5C1b2645eD0F33803FbfFF0e0Bf020F4bb25B,1
0xDfcB2D6e3F93e57fD5690e08f595D6d2d97447D1,1
0xDFb34114AbDb32d105a4551117a151C4FDf89a33,1
0xDF9F0736fe9D69348Fd4aFEA42EE15AF5810Bc30,1
0xDf9a709C649634AE724D5A26634c1425a28930C3,1
0xdf98A47fDEd48e95E9C779c983F6949Cf8E41eE6,1
0xdf953d7ca552A6f4b35B8F219fef486C1A893E30,1
0xDF840eB4E4881E1D14db4CecE2c451Dc945d7407,1
0xdf6aC0Ea418183DFE0CBa735eFfbD2A29f2bE4a9,1
0xdF3Fc155A11d3D3ed23D6A304f340b617Ba6336E,1
0xdF12cBF51f121810380BfC31d0008a16B77AF125,1
0xdF116Ef5c646FafcA444AaF83fb887fce56BAcDA,1
0xdf0fc5e4065145E1a523BDC51520ae406603F241,1
0xDf08aAa381631eb6463a014b9305c091c453525C,1
0xdEFb4E9fC3404202F81D6c3022EFDA9b979377a8,1
0xDEc0dE42b846851C45FC971C1101932423A0c82f,1
0xdEBE6b035A48FbcdD7202a23eA3f8232511890D9,1
0xDeAD7E24600DeB06e1Ccb08ccB8dC66D5f408220,1
0xdeAD1d21c657bcB605b6a57019335FC42c42AED5,1
0xDea8FE316a3a239aEf7aeE13F734bCD72C8572d0,1
0xdea56226350B106239B354397D12B62F359d5256,1
0xdE9355770629D481C629c6a521d3617F914E3B77,1
0xDE79fA44e6A37F437b2DC74E81e3958ABe9f000F,1
0xdE78A3ABb7b2Ff92410c6f82c588015d6a78d988,1
0xDe55f4e5C349267C6FD0ee52Cdc0F2b8ef04b77e,1
0xde4e85DFd6583914a6001d7fD3eFD188E796D618,1
0xDE419D04A321c0696202DB5489C3E30aE569D199,1
0xDE3621B8Ecd32273eB12F8b5bd1d5D7Ea04B91b6,1
0xDe236042fbB8C24B6Ac986004dA89f5047f5c652,1
0xddFC89a0E6bB48c0e3c25dc13A34659F0b3e6C00,1
0xdDdA78690198398Ea24C32FaBA940Ed9582d3681,1
0xDdc67e4Fad234A94d78b1BDC6184DdF62a727615,1
0xddBf6CB3aDeC614eEEaC5E1cE78Fb6490ef3B6A1,1
0xddb7c5F6fba0Ca3E45601B7e9894AB5eB0e93745,1
0xDdB3DF18Af526dBf38a7DE8b64731164014246ad,1
0xDDA3f4216c9c36D2C9Aaf864BbB9E2ea5a7f9fEd,1
0xddA2eDf5a81d501d1D5EFabdAA5f4Fb7B9a1414D,1
0xdd9F80CCf461A358455bf1A482f285209FD90dD8,1
0xdd93D84c6Ea2613a868dAa6639A6B7261b3c1B4d,1
0xDd603b116350071D8Fac84418980990E1d85EDc0,1
0xDD52A269d6C389103c22EBA335A157732dd0dFDC,1
0xDd51e324f5ad8ACa3221055C86cD87927DbB6386,1
0xdD45C262C344f73c4F56186F1d812d6419564831,1
0xDD23ACe07E6Caf5E1cAA65945aa965BBB7d0e901,1
0xDD218c814Eea837D8a25ac9937d5729900C40fE1,1
0xDd16f14AA9226E7ECC456f8b52427F92EB7B84ee,1
0xDCffb983a2d59f45718AFDf5029EFCF30A7c85A6,1
0xDcF2A3C6187f927D2Ab51eAe870f8905B377fa86,1
0xDCf02FFe0DB3645dF5bDd570F8B74D6c87240cD1,1
0xdCE04f7b358d185d53D958B3ff4cBA7092C9632a,1
0xdCDeE67F1381ce9d0DB945B1B7F1267Ce1fF0086,1
0xdCB0AA0B4807C0aD43fE1BA4bCeC8c23818F2144,1
0xDca7678CCE95f14BEFA72fE5a70A5025b1c7160e,1
0xdC9528e73f770C93ed7895A2928D52eA1D18E1A7,1
0xdc5DB412a626aa3F27B541eEd3AD0C71F5F14F77,1
0xdc5B30A7e920963efe010b8b86Fb690AFBBc2195,1
0xDc57717B1F5337b8785cE35354BA7C1ff52D6A0a,1
0xdC4670bf37bd7EDB66edbd52F6CEEd90AcF4A18a,1
0xdc3593fe7723D6822397b4D462e74F27F24dD5b5,1
0xDC2EE029Dd7E6DE5Ab7C64FfA894dbf1C1aBC898,1
0xdc290a0ea20cBfFb368423ED8a987aE6331e58F9,1
0xDc261894f20F40b7D19aAc846396535bB6d7a8be,1
0xDc1cc4c84FF6e1872f5f966cAfFDE4D361496e5a,1
0xdc11cA422d5B30726a0E0B88dF060dCDD2524F09,1
0xDC0C967fe816e87011DB86134219e6B06526F66e,1
0xDc072C644580C1815C5ff8e9e72Fc8F0A2B5c036,1
0xdc03150dd4117adcD8790bc403a33aa00A8F72d6,1
0xdbFF52676193003c5293A91B243da80892b94Df9,1
0xdBEb9B8DcC14b470f58C6B4Acf5F96253bB9c67E,1
0xDbD9fDe2E3F41d17A30FE87B3A3B6Eab64c8F909,1
0xDbd300Eba0F755Bb06DA769A4E1A84E4330068AF,1
0xDbc0cB13824B1fc14C74f0d14299f1cBCD80a82A,1
0xDBbD65026a07cFbFa1aa92744E4D69951686077d,1
0xdbBc16eC59E3fdC4b63Ae057e7723Ca2A6f0b719,1
0xDBB26d7CD0E27816b476ca8B4C54fb2c9ED89EdB,1
0xdb93440afaB57da665126084eDDF9aC9f91c9A82,1
0xdb8a8f3322E6A449a40bB0dbc530e70C0654D2BB,1
0xDB7437779Ef0cEbb17d64CB0a78DfB5977525Be6,1
0xdb4fdC779f08f5431eD5EE2deDF8B95928f5498F,1
0xDb43C9F4745F93e7Ba7d0fF86155c88D5756454a,1
0xDB432d0Aa38ddD4eCc0D9E2B41433a284BA1d14B,1
0xdb42e7Ba13faCa75434b7986726b6e426CfE8d11,1
0xDb367A399D62E6F00d1E857E50C57471A57B451B,1
0xdB317A24f1E19cD6eD606566ce13D804ECf5782d,1
0xdB2F54802997Ef0Bf8ef6d84F742FF28874cB668,1
0xDB26465D6bDD0F64BE044A18F73ecFb6dDE929B3,1
0xDb1b78384B1732239E42E420237fce89ad7803F4,1
0xDb0C379bd72eC75845d080a5c55e536f1a1d6e59,1
0xdB0960CC3c7AC06F1680E4a40e0276f42B6320C2,1
0xdb0267EE1C6692D09eDd8E654da3f76Eb845A1F4,1
0xDB02041FB019f05B28229013931Dc23251F5A42D,1
0xdaE6ABA5Ef782FBe50D06eECD874cE1f75941d63,1
0xDAe2Ca3d64369eDc692030B308B82033a207e0BF,1
0xdaD2a161f7c8f3e8d4D649c2f07A4BFA239f1148,1
0xDAC2995556D176d48497DeDa7cE014024fF7aBEd,1
0xDAB355D0Cf2F35869Abfac7e466355dE2f002ba7,1
0xdaA19c4D15524e55D2985BBaF06964D2EB28EaB9,1
0xDa91110B8ae4D3893e599Ec38735E4A1662bbAFE,1
0xDA85BC2bAc8E2A2E082FebC72fd6c7bC8D0962CD,1
0xdA7f5E14BbB16655B300Af7AD178c61A6D6F9E60,1
0xDA77171F53F876be127eA5FE91179b3fc1b12D06,1
0xDA5d3E3e670fda1206Ef1B1a869c5A446B6D7E17,1
0xda595a412C400C8c03F8f8B6745d15119A842f16,1
0xdA58F8d6AF92C270bF38cbabAa0D8f65045C30cd,1
0xDa4eCF93f4FF9aa1F868a39C5520d29e1A9F07De,1
0xDA4e257275A686592a3Bc7c43Ab94526086ca281,1
0xda4C36D40B50b976050E14408D16a4cff7508dDF,1
0xda4a3E2Ef4cBF5a1A49650de77FE8109d50f2950,1
0xDA2E641F13d77f6bDFe561B3821bD87E4566450C,1
0xdA24acCb6ac2AE255c16327DB93c8A8E12eD41f4,1
0xda2415150C5FB1C2373F3Cd2AD8F6DbE18f56b64,1
0xda1d9534BeF3344Fa5be3B644b767b349e7415C7,1
0xdA1431AAa4dB629b9Ea18Fe0b1EE9b07d7Da4c87,1
0xd9e040F27aFc9F5eCbC8699D9d0F2415425EbE76,1
0xD9dC149DC49CBaf05b42351DF79ff05AAa6B64fB,1
0xD9d412055EcC440a7d2698eFa1313d9163beba35,1
0xD9a65720ca15fF6ADC30e431A7A2c4c364A397e8,1
0xd9A1699e69D0C0F94f4e05578Cc048365Bfd4735,1
0xD9a0a16E5A634bF5a02962b667f17C65bAE14086,1
0xD995d0c31802A8D95C163f875fFefB40AB964eD6,1
0xD9958549b8760fae2FFCe5fD249D2478Cf9BB827,1
0xd98268153d93b1cF82FfAe79C9FF2634b1Ac3A4a,1
0xd97f9af8211ae9Cc5AFB7670a6B1A975901b866d,1
0xD96D911C8598C330623b7D5E66eb10eD5d4Af093,1
0xd96Be8101BB280561d5019DF804eD9B111C7a186,1
0xD95335383cFEe22aeB3773373541678f1C4bEEC9,1
0xd94e1c5376665A9B18Ab93542d38005C36D64790,1
0xD92d223D65Ab095Ba4c77f59300d5B3aE069A46f,1
0xD9249a4A5D165D852146CCF74E99bfe4a63Cde05,1
0xD91A53803DfFEF52d4f277E55Aa97aD35442a6fF,1
0xD910728b224cC6aCEED8c63150129bA310A64814,1
0xd9106E460d4e7a0fB76916C28BD719Db5e0C5004,1
0xd90E2C6e6fd262C65B96Ef01eCe69f451FCc4C36,1
0xd900ceA8187919EB3F019b42b68F7D2A38d1dB70,1
0xd8FF36BD818BcAE0278F0904D527206363795082,1
0xD8f41ab36516BD850Ec32916Dab9fF3C965E6477,1
0xd8e9cEc0F62A2600F8857Bf3EC57A87621B82e82,1
0xD8E5A6C7cD33d29778CFF10ab27333e41F520965,1
0xd8E2192daa4553A7d1654658aa97273639f9DdB6,1
0xd8Cc331F67d806796319A1F0Cb65d33C08bDC1Cf,1
0xd8c31BfE46800DCE48e0372C77A637b945060310,1
0xD8B943297961Fcb26b8Daafb47b370d7F62C66E5,1
0xD8b5B9c5c3b055914881d35965e5160833286202,1
0xD8b34c75a1715d2Da1E2874dDa5c885B50302f8a,1
0xd89270aa8ca6D4d0D12624056b16b2339f8E220f,1
0xD88B2D4B5FEbF8d5f440DE9f4e5E216F56fEa1ba,1
0xD88806e51f8DEE9158454a6fdBcb60572F6527c8,1
0xD8746D9719Fb96bE42308b0eB9D9B8E91334E029,1
0xd87120aA0E9220948DCC3D207E0b3df2e4Ade1b5,1
0xD86C6fbf7d97D90Bc08B7c5a554776Bf0c1F7A91,1
0xd8520793Cb8bfea02B3F28bA99768926949Cf1dd,1
0xd84372781EB98443e4EE9014aE377FA6efa186cB,1
0xD8430211a7FE6086bC336A3fF9bdBD6Af5D2433F,1
0xD82160b8AFE551f6FF088011C16b400A6056e4BC,1
0xd7eDaF6892cfb6076cc57Ea2880bF4CC6708e3E3,1
0xd7e3339BaBe30FE2869d47613384A66C5720362a,1
0xD7C6E2bd795c1Fde51F5E24F4F542Ae431fdac8C,1
0xD7bD783b57Cd6201CC0A9d736c866223b57e02ea,1
0xd78d319c5af8392b12Beb44Fb16d35cf266e0aaa,1
0xD7791F66ae8bFE55d43EA349eda61a3d3F23daED,1
0xd7790598a58414257961c181B3Ea196a910Ab1E5,1
0xD76BA273F9D1a140eF8f73A28c62b92Eb8B4A33d,1
0xD7651e030376eF3DB8CaecDEAa75Da1d5eCDB3f4,1
0xd7467784791ebAe72180623a438f5a8C93602A50,1
0xd7440155BE07e7a0EC4E657D0dc4d12f14047876,1
0xd73B4d093E3d8be30EB69c7aB0f1EEd9f82AAC01,1
0xd7385b0e6db877731913e0568dfC2F5e7B1202f8,1
0xd7249223CBc262841012dEBD419E4b4A06Ea9C44,1
0xD71661F1C0CEced7375A3f01c0181FAA9D2731F3,1
0xD7112884810750061e279f73b1fc7011779B87CA,1
0xD706Cf104c34E60627a090514F1a5Dfcea51F05a,1
0xD6F28Dd46fD1406ec5f893c667CbFDE955Ee081a,1
0xD6d13DB04E0cBA6714d5691556C5988d8124BAdD,1
0xd6a76c53EE883709F7449D30270c747225351600,1
0xD6827F158dd35b593B04ee11d8DB20fc328B82fF,1
0xD66f8D285500160609588e3cc0eaEa5Bd06675Ae,1
0xd66F6b4260F268968C98602847Ff5f3aDCEd4125,1
0xD662c3bC33Ac3D29f42D4dCA60A775aDA6ce21a5,1
0xD65DB31711965D98dfE41Bdaf8C4466C7f806f71,1
0xd63EC12178004F3e6642F7A10bE78A2164a20218,1
0xD63154aBc9c6655626F16F0AED41c2e958410724,1
0xd62a1B835d5ECAcd6A174535E45f56d0d8CA9362,1
0xd6156c5c27e0B15aDDf2227D0AE3b9c225D8eb96,1
0xd5fBC14f5eb35486627627cC1d4c2657429e23E9,1
0xd5f2DE368439eED5527e88Ea52A7fd44758AEe99,1
0xD5E4DE793ac83dDe8e3761826EF2AF3bC1C98a02,1
0xD5E1075B0a1b40c7A863f2962E883B0BfFD126F6,1
0xd5E0C4Bf0074e179de516aA64315F4c4c8D37F41,1
0xd5dBA8Cf48528D5f6738C9BC6Eb53FA25A0f48a0,1
0xd5D27f368299bf54B2b2e11a2248114aaCA22601,1
0xD5CAAeC7b6778602095AC20068928AFa5a1C4026,1
0xD5B021c1ad0745Fba6b5eD5530170977088f3180,1
0xD5AC61810aD8ff017A3202FF099D72b7d1e86e23,1
0xD5aA581eE5D9033b2E36811869781043B1D571A6,1
0xD5a68FC31C648C6cFb4099189fde21CA2913a3D0,1
0xD59606fc9403Cf80FED00FE6a74C5F9901820c75,1
0xD593be7D470Ba396c180229308EDAb4e60b98479,1
0xd583bfD4257ca63BD37456CcddC3D7ec407641AC,1
0xD5572993f1677dc6858cEb0F890f4017625232ef,1
0xd55263b84685Ced7e10a77607C7fFD763D495B6e,1
0xd5480B1003A49A1960D64EC5355E6aA9107f970C,1
0xD546010dFff228f2a10916f4847265bd58E9DE7a,1
0xd5272277ceeC9963b3f95A07DA11508FBc06589d,1
0xd5251Da8Fb649873cE00599B865B49300bbfD01d,1
0xd5169217ec76D2E691Ab69714fCA423967075a4B,1
0xD4fCac34462b27AF60Ba977aD1bC492D16159b92,1
0xD4f89Ad46E88B9BA7966e637510D14187308Bf5F,1
0xd4Dfab816A4Cf8596f73A5B415DA7172A947b14d,1
0xD4D80071a6E5FdedA91d140301502B9121aDD675,1
0xd4D7Cf73934e0A693fc4b5C422407E2357D2Bb00,1
0xd4D23C9E549A8ceCD795f5a430127335a1905B06,1
0xd4c175EB99e3fBDff453DfBA3F181df09aE6011d,1
0xD4bc689aCa0A4a0A80f6C144f0030378C2652621,1
0xd4bb9bD38319E396C5A1B7B5d3DfB0CC871a6579,1
0xd4A9881136D3928668932617cFBfDF88fa9F12fD,1
0xd498f99BAfD467C5D06556D433Ba89e52686F74b,1
0xd484b88C0B35e03b59cE663464E6f1eadBd5B6e9,1
0xd476c2dB017a1e8be6D2ccbF6E00BEE544aaa316,1
0xD475d5bd0Ffe1A93845Cc84F11a8aa400fE47342,1
0xD4727c7ABdb96b7A542D7F070D79C86D5AabF267,1
0xd4726114bEB61a0239d9C0CD935De170BddbbB7E,1
0xd469801e2395dab22621DD6D273fBF2DC8c35Ff4,1
0xd463DE4585eDC1145Aa453315b7194f97Bbe4Cbb,1
0xD451DD0B6A26991BF95624a4Ec6e997628E0e6Eb,1
0xd45147cbde2d208dB7Cce03057522585610dDe39,1
0xD44BFD425Adb7b8aC125551F8eA9EfD327858bcF,1
0xD4448b10027903e6C3524DF291862F30350be969,1
0xD443427994a6Bee7CeFedAC76534277F66E1c825,1
0xd4228c8b282E40aeb86778149D4dcE690A652eD1,1
0xd40E48C3B5d61c465e16aDB7d9C9127997cd7c81,1
0xD3Fb28778630b99d76e4e4A68be58b50C38792A0,1
0xD3FA6ED099bf262eD26c601C3858EBE12f7C719a,1
0xD3DB41fC7bb9F8Bc45a41234Ed58Fc0019458b0D,1
0xd3d415CBf39ECb1C071b6b66CC15aAF269852b10,1
0xd3CCf31820301F0955ca2d7c190F2b3AadB639D0,1
0xd3b89A09b3DA0d6A49c72Fd508805312A5080774,1
0xD3aedfB019edC1B55988D273Dc68C7baBbe2FeC4,1
0xD39c564FE60AD5ce7769d3087d1D1229186D0c1c,1
0xD3915edd200b5B586288D84a1143a7CA00Deb7BF,1
0xD36E679f67fd58f9F2514237504807d47c21286a,1
0xd34a3A4D82477503cc12C977288a4C6f645644BF,1
0xD323CabB88995A8f986ee758487b68876855aB37,1
0xd3220ae99ACFD50513CdaCD1acfDF6F0aa205715,1
0xd3121D95C4a5B47684B3C3520E87127F713fc62F,1
0xd2Eefdd1cEef356DeEB8078c19682eE23FF0e957,1
0xD2EE27c1f2Eb1175B45d24FB0F91304F017C49C3,1
0xd2eC6E51Eda4F903A26E7b1E6654F2416f598DBd,1
0xd2e9BC873BbAA026C4fA1A96613d0fE67Eb03Fc0,1
0xD2defFe956C02635452C2d56bA4fD0A063186e00,1
0xd2c7Ae7d4b6B47be766f03866216f1F6b2fEF46d,1
0xD2C0eD42C3d2C251F7FDC1B3Bef1f7b3D61776b6,1
0xD2aA73Aa4a09b5e08a863bee6c58AadBa2493b9C,1
0xd283016A44f6faA0Eb4Fb5E0CDc1b174FEFB8aC2,1
0xd27F244D916925EaC18f94E376DA45B3cfFf017D,1
0xd27b3dD64F1d939b65d2447DEeC58cD099d97806,1
0xd253eF26Fd07ADec2372C1bFE31e30519C7bA713,1
0xd2507077267BE657EA6F9eF593C4a797338b8d0a,1
0xd23882318D41AcB7Ec6cC464F232013c4E62d2A6,1
0xd222372f76D5558feC78aca73AD6f4CE81133a06,1
0xd2210a6E3a4225D1fAED02C2E61FC49F281B5773,1
0xd21EB057b4BAb7d732bE5720B1307911b2355e0f,1
0xD21AEb00d9501Ce0EA2FD442BCF3Cd8DdB6de7Be,1
0xd20B69b3Fa61d43236c08175c17A8acCbd952a43,1
0xD1F52aaa229401A61091881D27aB2D6AE2551535,1
0xD1ef5b6bec4586dFd6053A9E7f2F343d2Ece11eF,1
0xd1Ee3784a2B2b259f4bCd3080847abbDEA5f4603,1
0xd1c805676244085838262806fFb92b21421e5B8d,1
0xd1B29f495Df3F3206C6E32C92aE3aa33f85F7349,1
0xd15B0342DED129C3baE109f4731ff0AE614592E3,1
0xd118398194C3A0Cef2A10E385fed11789250144F,1
0xd0Fa7822575130bC1D18bB8D360f5e3c05c42f22,1
0xD0c386Bebbb7923D30fCf9FE69F753682E4C3465,1
0xd0c31E46C73B386432A3DdF768587df604dD52BE,1
0xD0BA3E21928c061E912Bf3c7e67eE9588c04e238,1
0xD0ac50d9F7516be16e2449539394A3967BEa03C7,1
0xd0AB8565b674a2ad51da4cae17F7ab7594578d2F,1
0xd0a25Cb75DF4A5f59F8893f71B3F597b91E210Ba,1
0xd09cD932ABDc7511187F185Ebf0bdD3670D5C3e7,1
0xd099E646517e26a4180797B528B6f04001e3371b,1
0xD08C46dE31E9DfE1CAC26033A77962dAA07Cd4fF,1
0xd08aEE6a73d6860C727fD3cE1761088249bF8d00,1
0xD088CF0bbD4c62Fa0C80ac51304f941c74D8Cb53,1
0xD082143eDe0ec80f43170775E61f35346c53fCe6,1
0xd0754a8559E784289f7AB570dba47caD9c30B69b,1
0xD05B97F15baB0616Df84caB5A0d5dF9B67bFca9C,1
0xd04DC6aB7535f696381c9cAf09ECb249a271778f,1
0xD02d4bBb582b972B3b1cc2a8195255D0dF8f4Bc6,1
0xd019ea6cdf31f2ad39d29C10001E0163Abf404CF,1
0xd007D1Dca4fDB0b4526c58be52b00c9D4b5B49C1,1
0xD004330e59f51967b25753AD9A6038d9bEFc869B,1
0xcffdc5479ddEbb2BcC2537f5c007c6a772F03b36,1
0xCfe99e4DAdDCf2C3D0666e7b23ffA0766B1a4C84,1
0xCfD7Eb22dF95457Aa171ee800f3f23e5Ce480521,1
0xCfbd6266610aF1fC1c0F75477358A4CF5bc1Ad84,1
0xCfb5203B3D340E6F5dC01b9488f4E84ACBE92d21,1
0xCFB3B35eFF50582E722AFd4C7AF38C34D389d0D3,1
0xCF9D8f4397F582848b53Cf2358aec9a1437300BE,1
0xCF85CdB5AE1aD9A9d16a51068159e4D3612cD442,1
0xCF6BA6727FC1E348A9ad36bb67D017612cD44008,1
0xCf61260Dfb2224074eBA283a9AB761bBBd0de31a,1
0xcF5aB63A93DCBdD9bd46128CDEb7B4D8c760DA67,1
0xCf571e890c3F319978EDA4Fe9f62dBe9cc7E3Aa0,1
0xCF47E38A7c03e6639453776Ce69F1c2D50703525,1
0xcF40E9E324698e61261331b6bEf62203d9828529,1
0xCf34403eCbA0299b8F6B86d34a3A008faB5A06cD,1
0xCF2cD9C87fc7e950FF192f4b13F3C0F23b5CfF4C,1
0xCF0a97FAf68ECA8021366147BC8b5f0A480673c2,1
0xcF069B8352de0bFE1d8C570fe2dedEa74D328b5f,1
0xCf063E688c615E8b99a24B8d2DD36206D42CCB9D,1
0xCECE052451c1189E292700928A69de0c7Cd8271E,1
0xcEB871298C7195fEfC49fc3B18d006568B258275,1
0xCe9d9B189d9e5D554B63dC88B78102999df4C755,1
0xcE9B627fDe0Cc98F4221aD7b954517389A1C84d0,1
0xCe926df3E1D010a0a25C0cFbEFEB99dbF14aa87C,1
0xCE804e812D4faa1D5C169a1d365B9419c7217250,1
0xCe772EB9D8b1d12BAb13dFc51835DFd7fAD92d8D,1
0xcE6Aa9278b97f917a80e91F0CDdCAbC586Be28fF,1
0xCe4f9CA745d12A5706269eFcE7b70D596D2808C0,1
0xCE4a41fCE5Df4cb141B71b2cd978563659529F96,1
0xcE3FcF83207b17b4e41C2b2a3EcC2258F0F8B38B,1
0xCE381A18BcE0A27e6a5DBCef8b7f58b425bc9d93,1
0xCe365bA910F2eC7933Dc00e545188a0BFa81D6a5,1
0xce2B5d19e58566fD065756F3F1f858ED1c8DA103,1
0xcE277B5600d1F973c017A4D4b17f6eA85330A50C,1
0xCE1F0D7Ce1dfEeb967341D3ff97C0d21cf41fFD5,1
0xcE10C23561Dce134ae20B32f8166A131c741F463,1
0xcE10B13bCf346BbAE2FEE3F52EC7B64d7931867c,1
0xCE0C837cd44Cc75A0e78057b1fc3CCc34A26ec6a,1
0xcE043bDEa4bc15A7B86dfD3d76C19f20aA84e737,1
0xCDFCb06D537F2513c99eaa3B33F9eA6e0D4311Ab,1
0xcde3725B25D6d9bC78CF0941cC15Fd9710c764b9,1
0xcdDCe70fD894e38648920Bf45d6B350e543dae6B,1
0xcDCD7cD5aFB093011DC31e990Fc09bbAa7B381D3,1
0xcdb631b220cC680F8d756b3A0a0f4c1C271887a2,1
0xCd9869d32d6C405a704FB0E9714C239f8F80c0c6,1
0xCD8A86089F029216d273189C5Faea58EFB9CD609,1
0xcd807653f50a27723a2F403d4BF879D042e202e6,1
0xcD8075D9E78222A504d78BC2A012a7773C22c034,1
0xCd6c653FF9d56155a30A0C4b5Bc67C69388271B2,1
0xCD3dF6c987B9640C64DB571f4360eB6C13e03D0e,1
0xCd2d15136C4206C6828278fA7A00cB5a2Ee3f961,1
0xCd29F697268883e568fB8E34173782F4b03bD835,1
0xcd1c2623E616fBeD39683B3B9454A9778d7aAaAF,1
0xcD18CF34e4168403197cCef216BE2527d943E350,1
0xcD0D967449430CaaaBDa422aF22F64254c3F1168,1
0xCd0D4CDb238Eec15Fcf4ff9d13d5a59051E507D7,1
0xcd088E347aC400327Ed62494FA274D5E69359FEa,1
0xccEf2EE53441509e8eb33C0Cab1661A33FeaF5c9,1
0xCCE2fB8DE08E83975e48B221603ED21A62DB833b,1
0xCcE05dbfB9Cb6Abb1fd820ae1e8eEeA1fb404018,1
0xCcd95A8638306f7Bf6840280fa82354278AA8b5F,1
0xCCD3E87Fd5A8826E89EE7369Af6E8667a897b2cf,1
0xcccf8FBcAd99B2835c0DDA145b33ce25E99dD11D,1
0xcCca379821A19F6E5224F511f1806D91a81Db6D3,1
0xccb59210dfd52965cbc43A40905d582E458eCb8b,1
0xCcB4Ff3d7Ad7aB7c3647F181565c3c61a1ed0A34,1
0xccb2025DCa9DCCAD8E2B846047af6a290917bc57,1
0xcCb187988CcdBe4766c1401e7d4bF8b90D0A458b,1
0xCcAcABC241E89A62907c48e3D7E4b49646c0bf08,1
0xCca157CB3d3E0D784cB1B91221Ec2a5A51Ece570,1
0xcC9A39d5D92DB22e023c43B4D4C53030D38Dad6A,1
0xcc961DDaa00d07ee98cD56fdD8f1798608Bd331f,1
0xCC564951286eBaF021A4dF8249B863BC339EDFE5,1
0xCc50c6F39650a19f61BbcBEFf0e4CE6b57761069,1
0xcc4678dDDe3629862A6E3e3bbb99d756Edb36763,1
0xCC441946fb38Acb3a08001428F4b1480A05F8F3D,1
0xCC41F0B58b277553Bf416f7015B3301c965AccAF,1
0xCC37d654293CA77592e0a694aae0278A7B707817,1
0xcc35963241711328643f304EC9eB82F774780d0d,1
0xCC2F3f43a28dc59a0834b23Feeb84cfA2dc65A0B,1
0xCc23091DE47a988DCB1ac8b0a80B49A14fe0A4ab,1
0xCc2005844AeABbd4d663f7C45C9bd1369eb062b3,1
0xcC1ec0B04fa0C602c23D4DeBbf91E6844af48b39,1
0xCc1Af5706894d5E166114acA4A45EA6096DF2885,1
0xcC0eED335Abb8757146715E76f8c845Eed6F05F8,1
0xcBE99600be6f02f97Df92A3a5C483E939C6e2bD9,1
0xcbdcB14D4963a045d6517A89AaB07a097230C9BC,1
0xCbCDA244deB53740B4fF93Bb9BBaBAEdb9907e1C,1
0xCbBf1D19AF5003f59fF70cd0e59d32335c88318b,1
0xcBbaa5812Cc72f4f7fDd7b3D7d7a14D5e96CBfa9,1
0xCBBA4A3aB07e76B57fd53e46f6fFd8Dea5DceD1B,1
0xCbb4Dd0D9C3fe9Cad72F1d1565EC9743800231Ed,1
0xcb9F03d65F50D2cfEe6ac88A430111cc137cA440,1
0xCB7bdb7b9ff19dDa515d23A6D283CC39D4651452,1
0xCB7A81242e795F46e28e13b6E85999B21c6fE2E6,1
0xcb685F551b63C9833d2d2c0A52E967ecc4228A2a,1
0xCb4D9629D3F6cc5C26dd1B6E56320602177A7a70,1
0xCb4d11B0f8738CD13864755E04935517eC145309,1
0xCb36F8580A36788A48518dEC95Ea458357E64E30,1
0xCB314EA3DC8B92Eb0BBf0Ae6452Fe6B35DfA555d,1
0xCb1c0664AD5aC3E5992A5E021520e42B60E1cbA8,1
0xcb1587a01d12E060c548712a01dE54fF0C7AC0b8,1
0xcB0f6bf357CfB1bff48721E98D250A375e738Adf,1
0xCB04843cB6a230884739b103819845Ed8f0174fc,1
0xCb012B013df89efc55570feB722e63F4E475e5C6,1
0xCAf73B4d1B11427b5DBD6c3dE92AD772fFf7773D,1
0xcAf439859E1A598e24c03165f396c11aF670338b,1
0xCAE3c3A245F9C1C73F4CAf05F8157d48703801F5,1
0xCaE1d8fA83DD65590e218ac46C9cb14537f0E5fE,1
0xcADE76Da0F44F00Ad2c27F8e74A333ae084c9817,1
0xcAD520B9352948f6A01d0441e45bBBbE6bEff788,1
0xCAcD4783cB406f7c6A5145E7c10655faeFb55CB5,1
0xCABB866b6e95bD1f14Cb70267AaF47e5A08e99Ba,1
0xCAB99d6d349923C17f9a98B856666BF9C7E995C9,1
0xCab19ce32B92898D572aA4261e4a2b968A0d273E,1
0xCaB1653B5D0a3915134412d7fc4673E0cC7D5cFf,1
0xCaB10dd33124962fBD56a9a2a8e9e1b51eeddF85,1
0xcAaEeA5Ed30c871dcf672D3445685674159B7d60,1
0xcA90264C3181C8b209dE824ED969972ed388C066,1
0xcA819019DCcc09d5D889FE09Ce054805dE3DbA5c,1
0xcA80A9374ce92a33B3251EF074CC03e1075dd017,1
0xcA6dC0913D98B026146c1B79c4B09825244bb443,1
0xcA69dE94C7A4a9Fa1C7882716622736B01387810,1
0xCA691d8AA8D32726832B6787c2576D5ef761C93d,1
0xCa66FD52a1e9876c30Aa9078955241542a7386c5,1
0xCA5d47743f9C1cB1648F1F3D0364e8fb076Aa86F,1
0xcA575908473bC7c73EcDB45c6779d82497cFdcD7,1
0xcA50F72A32DA4aF1b4433B0fC6bc25ADe929d133,1
0xCA1C37333Dd79C5D58d455be26F9F26C6135BDCF,1
0xCa148c50BBF36999aC80cCe6eB54234af89c2B47,1
0xCa13Af63B489c8A780055b56A80cFbCa3CC2C3BC,1
0xca0c8c28EC2f352649B3b9D2b8C673E6254142D6,1
0xC9fF715ff5fDE21a10c8054085a756ce098fE896,1
0xC9fB5f3A2f1ea4a02d70630444A201f4196E9E4C,1
0xc9F491C230B4e4137C98C32978C1392Eb3169BC6,1
0xC9DA783F8689889AF698AE05D9d6eC863216c140,1
0xc9CB74157F1C0A3966578F9735B7c7Ce6C2Bd30E,1
0xc9b1d517138A9C7ffc285dc757B960d551a2b9C1,1
0xC9a984975Be2709d343c14a16B0616694a37aAA7,1
0xc9A66D548aA29F2bb29b13e3C68559dfBe3D3235,1
0xC98F717e2E10ca12cfe23CfAf2a29626afA0D202,1
0xc986cdE72A2f91dfDE731A6f933C702c108cC1a4,1
0xC982cBB182FD5dcE350EF184e185DD5EFcD2965C,1
0xc98273e6492C2559A7ee4de94Ae520C8Ac2ef72b,1
0xC96494C24B208cE606b2A26F98FFFCBbb9f98586,1
0xC9302Ad975e7434FAD13C93ABBE5A1d3f7B235BF,1
0xC8ED23303717CacBF6AbB405470B01Dff9F3466b,1
0xc8EC8069CD19Bf1F8Ab0397C5920895cC15AbfcB,1
0xC8e54c92C35bd9009819F4c33a6215378a8F51D3,1
0xC8D46eb7881975F9aE15216FeEBa2ff58E55803c,1
0xC8D022f96D37C3D455885C52e64C9ceE6fCe5d92,1
0xC8cBC4Aa9D603d2E490bCB5E940daAe0A0DE8717,1
0xc8C4Ad70435951B6FF18b9A56a9801528FE632a1,1
0xc8bE8Bc0e266840005D3528e471c998dE93479e3,1
0xc8Bd91C0BAB8902e1542E3fe4E654769b837507d,1
0xC8ba00dBCeD2b3c758c188De10673EdA15d3dD58,1
0xc8A1db9D2c3CC987db11b633D1559191d518CCe3,1
0xc89d2CDbB3bb2381aFFb4d09c137bdb06B62ff7a,1
0xc889efB22716C869eE8A8048EF65f204A0c80606,1
0xc880F2445871b41b3E096718Ed223220613AE9Ea,1
0xc87c3E5B8a5553176c1a088d7ACBC05772851Aed,1
0xc870d6470C4C1745b71e25354319a93540CF7579,1
0xc85cd32D9a204CD933B49CE0414BEb8697e09741,1
0xc85C8Bd2B180427aE361899629749666F8Ba34D2,1
0xc846B7d5Ad79060758F9ed2fE6BA5dD68D00C00F,1
0xc81BE27A8C6a8f4670Fd7FCe0F7AD00b400C2D82,1
0xc81Ac6383D49D908bc8C5085A6091E13de43B8F6,1
0xC817c390e009114686d35765fB8acFF44f267976,1
0xC816d3383B211Bdb1e878e0632Fad0336d6d5Ff1,1
0xC801FC4D466846cce8C8d52942F1b264B2a88822,1
0xC7F3ebeA4500b76292055d7300F87CCF4082d70a,1
0xC7df6C8A2D851d20bC32238B26F886dB7E1949da,1
0xc7DdCC288931745f9386368D3c28e288Ef338CcD,1
0xc7d607B77AF577faB47ce552A7036E1e2a44f703,1
0xC7CfB22b98e27025C4B9D9e3F1141Bd0f94b4dd1,1
0xc7CD58102F2827817eF471aAf8E4bDc56da89Eb4,1
0xC7CBBe0b9B11A297AD3a20A79aB2dF71aFFD0F80,1
0xc7bC8BF1Aa5226c857c2AFf1738324549B641E21,1
0xC7B3dA25d9Bb8b30fB438ACE8B8B63B558dDe161,1
0xC7a7a3B3Ff35d304D40942768a8ddB95Ff142C05,1
0xc79140a328eD727Ecfc39CB02C395078293e300D,1
0xc77A81D694252209c488759287DDc5291eA5cd68,1
0xC75EAb41E63AE719dd69e1FfE787f6352644a4bd,1
0xc757546dC3cee6C71b1A001Bc3B87Eb979d446dc,1
0xc757281985fCae825A6aAA6233a900E7b15cE677,1
0xC748c41401e7A140e80E641437d8383CD8fC6608,1
0xC7348f764E17a598aeC05d66b369EFa682F55107,1
0xC72CBB5fFDD51A71a19c079E012D51Dc31E07Ea9,1
0xc7254EE55290E6631521f53CdAc869B8Da18c585,1
0xC70e59c627201E47a6a8495B8Fe7DDC889524625,1
0xC6F5f0f619148317025EE9527384971b2E61b377,1
0xC6EfcDB5EB4D4805F2128313dC92F3034a9dDa77,1
0xc6E958b16451CA593a0F448DBACf00c7cE95a610,1
0xC6e76f7F9c868826b1CF039F1BEF7382e9FD9122,1
0xC6e59AeBb277a53f5AB5EdaE03199d525fd0ac89,1
0xC6E29B625598fF61D56bF55e85D1247F8C12ceBc,1
0xc6943Dd138901bD219d2e7B4bFCdD6668a19FAeB,1
0xc68480074208e804B8328B031Cc7927Fae48a9A7,1
0xc6633701dBF2cF81646070A04Aa16dB078e93FD0,1
0xc6571c2FB66825F13b7751b1c334810D397618Eb,1
0xC62D565b23503D043434AD6bb5B886B30C954c51,1
0xC6252c90B8f65d762faC797f718D1f1F2f2a2173,1
0xC61fD364e4601679CB44d64eed8E1cb6e83a166E,1
0xc616e5b60c0a79354a5a4589E4F6741D55883BC3,1
0xc61336b9f40ea1e03f0200CD0F636256AC806aeD,1
0xC608F703e6a88e858104B24E6Be99ab7EF7ba8d0,1
0xC5Fb618477f101a1Eb125b696462dCc36A10Ac2e,1
0xc5E7184d2807b21726d67dd05B6c3011F9C5dCa5,1
0xC5E57419535F58f25367C842A2B5CedA0720501d,1
0xC5BE92768A8dF49285ac86b40895370bBA88d47d,1
0xC5A4D252137F29DA54D6Dc0fB45bCae7b9d14Fad,1
0xC59756a38280db5Ab65A689b7E0D0B1C44f2Fb0b,1
0xC594E6890b81e12c0bf1656DDC7Eb3F078a25825,1
0xC5867A1Eba95eC497e4001DA7AeDF7ee25719EFB,1
0xc5836Ff4BcA6E263B32ba0A306295283EFc92BC9,1
0xC580E7d5Cac294b96A777e5b466A5515bC5152cc,1
0xC5729d9e63909568b0438CD3cf4d3CA9542Dda81,1
0xC56d7E529CD9c06830475d81049FF50A16D66bbF,1
0xc55cFC3404a943A3de60891F45Ae9EA723Bd4546,1
0xC55431E269661612Adf13Ba856e0602ACA60BaE0,1
0xC54a3aDAce49a612445fd3c8B36D950da6200935,1
0xC534b17c3642876574cB0eD8a234c4831C37ea95,1
0xc52e7E835d36745d3B0E8Cf5610e3b503507701B,1
0xc50b4067558c78732c03f8FdF01dd8202bD1ed00,1
0xc50830A39A5825872099E719B4E687EE4C4c47BD,1
0xc4F91CDd498A30f8ed1dEa3883Cba314a7A2a022,1
0xC4F5920a7aAAB8511c973947B8ae3E47Ed2B0D90,1
0xc4D18fC7d98F204E393a3045eE9073E87c137E8B,1
0xc4BeA81552E56e1284e8021D5B0Ae4b88129Aa39,1
0xc4b5314C957F30f4628b0D2Fe6B8320968920537,1
0xc4a3BEac4dB4Dd1caC1e36Ac906eD114D90240bC,1
0xC48ce15cEa4B5dD7ce2c4A4Ac3cC9fDaCb5161a7,1
0xC47cA8b521746931dafe39d1c9dc0F6Bb3F3FCe0,1
0xC41e5E7804Cf89755eCe46F60346280a9a932239,1
0xC419002482d0c19D87440b7251bcD89B03CF9e1C,1
0xC4130e106837730560b534D64D488a502096fDEd,1
0xC4104BB94EaC7e7BB1998B06F83d0159dfA82e5d,1
0xC406BEC78A3C9C266C210e51441B97b7B5E84952,1
0xC3F886dF6064a4504061CA74A27da274AA14Ad33,1
0xC3F01f6e61C0CedBa21b6E22Ea5A005E7b5ECE03,1
0xC3bC613626BD68cAd057bCd85914d40De80E509e,1
0xc3b0fFb386B2a1fE01843AAdFd53f74de4138201,1
0xC39BB2Ef2BD5424DAfda87272834325F6E58177A,1
0xC3992709635c11DACa4a5A80BE78ffE860ee7c4B,1
0xC392fde132396C439191388DAa3Ccb8a3c51FE76,1
0xC387530Cc3A020171977583384F2b3A61facd814,1
0xC37A8867C9aA6d5A71360de15FEB5a05A585e584,1
0xC379370f1445846A23D658eaE444665EfF6aBE41,1
0xc37239fcfaF54f6d34B7F3F2A5Fc30E8D32ebFa5,1
0xC35D1124f56EEbf9E727C04fc678191D02df9A09,1
0xc35B4B592c3A7Cb868C77d07CE04751682ae53E0,1
0xc35613C17dAdaA5559B79007473E16eC8b4708BD,1
0xc353DF6E85647d9d76A60D508743d71574965Eb2,1
0xC3515AE3A0c69f13089D74b77aeec1ae83828321,1
0xC338AbE58A29585d220fDb6216a2f07d3382194F,1
0xc3240eC4aa7362AC7b81eD45F3f7A084D4C4d551,1
0xC31E12C2A85a5506Ec054273784bFA9ca07D4384,1
0xc30d9947a468A52ecb10729f0B5807F7E3aEAA39,1
0xc30BFEf602FCC940Bcb102aBA91A60FB952922fd,1
0xc306904fb96508Dbc19D72CaA58ACC214b922f5b,1
0xC3057B4F07e20CAaeF063075D05344C9a9E0452e,1
0xc2f8D4B61E078160630b6C93c5C51EC6F8304e26,1
0xC2eCBaD563eD79af01b0fb8FF36e34543D134EE8,1
0xC2E84669d20fcDBCeF787e471DA367D39047CBaC,1
0xC2dB9ADD12BdD367C00A68C91fc4ed2a324Eb3F3,1
0xc2d0efB4a42e4d85dC9e020eaF2876FA65002e8B,1
0xC2BABe0ad3DAA699C92284119875C36290674441,1
0xc2ad582EE672633406b30D260Be552dF34d5Ac7e,1
0xc28466bBD0F2f519829fEaEBA61470A381c5d07b,1
0xC2803E48399c0Aa82Ff6e12492aBc434Ae9e4f2F,1
0xC27F232e007590EEB991F997c51f5A0BF0cD3875,1
0xc27BFbb6eA03CF25704f89DF0a2D967bFa1a99dF,1
0xC26F806363d0aB68bF3F1C18209cA2B86f334c23,1
0xC265434DA6eec6f7A325C27d27EBb92991089388,1
0xc252755430cC633E9d5486E1Ba27ADb71eedf30E,1
0xc234fb7636400C9389eBc166E81bf956C641E3C4,1
0xc22b9AAc77d506B20a7E7d6885Afc6D26474f1Df,1
0xC21A5ee89D306353e065a6dd5779470DE395DBaC,1
0xC204C2567732c87035CcD27B1F673dc9fC41D5e7,1
0xc202Bfce51F611F016D62D0Dd2048d6a41b9B81E,1
0xc1FBe0B38658953Df5558dB3A6Acf88C78A6Ced6,1
0xC1dBddD0f2976af78C46be8Af40191e284E91DF3,1
0xc1d8FC18D664Bfe4cA897253d4EB759298c4db40,1
0xC1c7474bD53104B9da90BbceecdeE90ED9269ba5,1
0xc1B94C5851b28FE6C8C55f12C9Ecf325F2f86B89,1
0xC1B4529A97cF51e4884BC2fB9b7785b003208714,1
0xC1AbEf3Db6820CffBcc4fF17BAC0e9222263Af42,1
0xc1A021cF0194CfC46B8466a4910958CB754a8777,1
0xC19F233A15bd6464EFf6aF3c78f70037233a9ac7,1
0xC18567C8e5aa06C3689551eF08308b73Ce76Da7d,1
0xC182aA0ecb24A674C00C76cE8F1761cC5a10611c,1
0xC176cBf8ff8A2519f0A4c877273bF9e49885b1c7,1
0xc15D4b152163Fa232122A66F23f535F72b979972,1
0xC15926E70021E79065d86B5c2808Ae8D2666Fb60,1
0xc15472A944e620A861fD5697d728362328831517,1
0xc151071Dfd5b66698B5d6B55607A63B9daEBD690,1
0xc12fEFcA6bC523492A1cFaFda227F15AA9ce6d1E,1
0xC12F156174Da7a76e9F7796F682Ddb1cbc1e799B,1
0xc12AE6D188771F07133737d9A282D4aA2E3Ec916,1
0xc1281B9488A1059Bbf94a3ec47bFDb42a465d4B8,1
0xc113E1BE40D50E533cB7a69b77948ce841e1c90B,1
0xc10f532D0eef0449227CB0c357547C7a2CDfE8f6,1
0xC0DF50f20b9CC896977Df195488C33Dc2c5a6A2b,1
0xc0Ccf60E5Ec41805E65a5C5f5c75C3eEA338dE7D,1
0xC0a17Eee6c31aF84DDE61c29e5bb0B97f7AB70f8,1
0xC08314D6E1e1CfF0787a51a12F7eEB8FF9921eDC,1
0xC07C4A7eF05c4Aec090cFc7f90Ca7baD5eE6C29C,1
0xc05BfcA4Ba08a70d6fdEcCC8C8d8a475A434fe9e,1
0xc05b6d1CfdbC246926b6f2CD19fDB18e450e07d9,1
0xC0553A677edCFEA471Ef01c9664Dc5865a469883,1
0xc0545F44ee91Af4ee64302fe201C24774fc2E411,1
0xC04Ca1e8B78fFc895c9B4dC4705c0334B1135Ad9,1
0xC0461362D8885827b4AC5c7bdAA8bF8679529e88,1
0xC03Ec0D9051A50f4DB07F49181DB3813D259f38d,1
0xc03Cb072509E1F450c0f47C5fCeEcE584462a01C,1
0xC0385C781b2F35Ae0Ba54C2948f4C23aFa3bB954,1
0xc02DbfBe95D89F0794e514683EC8CD2054aFeb61,1
0xC0175FceEC18D086009B636Ce5b17621AB602172,1
0xc0172585259879b68eD71F7309B2B7df7A8238a4,1
0xC00fAaed03A511723E9a1C1b5D5A1F6B6E30F3cb,1
0xC006aE6f1e68cf128E63e353732998DABd81C0e5,1
0xbFDE79BeE08FC7A7B6747Efcd26B0641dbdE6d75,1
0xBfC4e6797aE934e5505B96E7dd7A0f226a3226aE,1
0xBFB760A2Cf07AD4A06c099EE6d5956b4D76c35f1,1
0xbF9e35FDf20D7e3D758a1B6DBb6A205887e45386,1
0xbF8e68E5F07C66F80eFedBA0B3af82800bd910FE,1
0xbf79E0A92bCe5504cFea5Ba61359E90C6892DF2d,1
0xBF7668020e22Da49850009d9D5F5faA066E87966,1
0xBF72Bd2c97aa7Da21c971a01f774eB99BA4D1d32,1
0xBF6A07f9818B367adf8325FDFA018EAE68C0cf3e,1
0xbf6301D7bca9F23A63A2d1Ed513d5120Dbb2288E,1
0xBF55CF69d2CCBE3303EDA4E6E93937baB8195d02,1
0xbF4e0765A41Cc0C1f67cEd7A3fB93Fe0196A998B,1
0xBF3e5A64F928E0B23f729EDaAD6033b10eef3C0E,1
0xbf27ebFEF2d04CebC2895f558481227fd27F9015,1
0xbf2202bf520B523cd841E76318D402B467104489,1
0xBF1f4301d06E0106b22e24CBbA651D790D0638c1,1
0xBf185C104196BEBb0F154B45Dc4A2B2d4E7F8753,1
0xBf0a2f317b26758f9D39498cE033c33d44668790,1
0xBefE4F0BF7A35062d4345Bf74e5CCA3D6748B5bC,1
0xBef3784d1C5979e27b9e18F587a79953843Dab11,1
0xbeeF2F78bCF1647a482b7B95b01b15C4Dd6b0E4b,1
0xBeeB32e8e57D4E9E726960Da3F6174EB1C96AB31,1
0xbEe518cc0bfEa2437CB6fDA477001093a6Ef3642,1
0xbEde9C66169440a1265b9Fbc6ff2fA76ca86896a,1
0xbecF6C00E5CDd516eB4213E8744dbA559e988B38,1
0xbEC382149D10Da160d9E97F27aB51d81c52d00dA,1
0xBEbab57181D97B114B25012869998Dd164aF8988,1
0xbEa32Ded2D3A3fb9ae532Fd66a5a53b6e02eEb6A,1
0xbe885C208Af08C37259436ee4520CeFe8BdEEf23,1
0xbE789a85d8496E81D7fa8930B9C546B7f06d8Fb9,1
0xBE75D79eb16DF5652bD9Ac0e8aE311FEB1cE6aa2,1
0xbe67bcD696cDDE001B9DAD3773D9fB2FA5e9e30b,1
0xbE645Ba7160cEA7696b8F0F6F16C21EFC92f2F39,1
0xBE5eE28039DD0E3B53FC350dDB4970bc643e966C,1
0xBe53204405528064D363E0192ac12a081E399d19,1
0xBE3C90D34b757587C62852DCd57f7c8E1bc5547C,1
0xbe3BABe7D094a20e21d54837F9A5B9050ed6A82f,1
0xBE3352Ae7C20161d4fb1D0Dc2aad099227B5F246,1
0xbe2C13B942668247aA7D0471B3f89F082B1Cf1b7,1
0xbE233AC0e7d8BF9140c12B0dA7A80dCaa1719d66,1
0xBdFcb3Dd2928E1281f62Ea4637FD251Fb360aFD1,1
0xBDF05E45143d65139978C46aD5C3e2a7c3Dd1AEA,1
0xBDEeA037398259E8E2F82BB8B7c4A14b478241F5,1
0xbDd677D469dc4A7b7679184F71Be3DEf6513Aca3,1
0xBdD564177B86d1C81A7C41b04FeB85278bCe53D6,1
0xBdCf10924c8D4bEAC40Eace1B025EB095244009a,1
0xBDcF0D15deA0AEC2Ec527935D4fC494983AC0f18,1
0xBDB969A121D3Bd526D90996D426e815C1e88652B,1
0xBdB72A7d8eB174e11687214B6a9B9c6cAaa23bBb,1
0xbDA710801342531aDb023df62D6eCCdcEe893d5A,1
0xBd93a609757184248b621107482b7ea9949e91bA,1
0xBd91a9487EC2c8307F78809a2e3031640575C42E,1
0xBD7E9d48169Dee88F2Ed991f343F41E13a188ec2,1
0xBD7D78d22A3a2a7F679F40C126b297d8b6ed63dd,1
0xbD75A7e6D75113004873108c96d9A585C099aE80,1
0xBD423dE40203ddAF0E57f0c8aD62266295028B39,1
0xbd3bD63e46192Ff935dCedf420d026e107127659,1
0xbD38C075A67F4845e402d07B88e3647bFE1b443e,1
0xBd2c5E96Bf236B1feE57e71b38A9c69731e21ef7,1
0xbD0F43868181d1C399FC7405fbc46725b2F7ab17,1
0xBCe67B93f36991b6b2A0cb5DD26baa58Ce34426D,1
0xbCc3eBa241C9bAb951D89C38c439773151691277,1
0xbcac7dE94BEc46320709dcdDB6Ea187Adc973a78,1
0xbc8e577f95F977F5f5f77209A474Cbd10e936B3e,1
0xBc8D9Fee7bef89020484Daa4dA8022C5035443A0,1
0xbc89dC875EC3B1e5F89463C300B7266813239AC6,1
0xBc86554629ae8E15Dd3509df822412B165d211A2,1
0xbc7C96D0F927D6e883a069cEDe9d6a891CC7E301,1
0xbC7B5142e390BBaABF8826dAE7E1ef9C609Df327,1
0xBc595d49a9d59427077235640D13435E6d69b5C8,1
0xBC5666Ad37D2Ad8DED1Afe473c11F5F6706BD09F,1
0xBc525c94D5EDD2AbA3D5fbf64B5039e795b8d00F,1
0xBC2E26deD32A96911B65EE2283a1E30F077BbC59,1
0xbc2C83C4c46dA039795ECb174F674e53E03Ec70B,1
0xbC1290D0419beEE30F0dA70235076195A21694AE,1
0xBC03510ca063D0D7899110B7324a090a0429A6A5,1
0xBBFd9988eA52EE8C88f7BA28d1db827e73955ae8,1
0xBbf1ff8c350717F99C91Ad5F3B28DCE81f72b406,1
0xbbE3F35A9A8BfdB317Fb7373b1A2e4859E292535,1
0xbBDDEFb72e5B570d5c28bDB789da2A541e504E22,1
0xBbCA1093f731FB2e4a3625DEB1967e6Fc9127Ffe,1
0xBbc4333aE20E1A3460B770a8a229cFE572909F3A,1
0xBbC1ad3289b0129151B2792826B38f015C661F0F,1
0xbBADE201c8EDBbe4C138239c6B5EaeCa8A38E4Ab,1
0xbB9AD3062c536c70217A3933Af33987730C52602,1
0xBb9a51A17916b063D2a664981c7822a9Dc99dF66,1
0xbb86d5181780EBF2dfb9fEc6a57b675155523527,1
0xBB81d81656ccc22E525Dd12bD2103631e8795Fec,1
0xBB7b4fe819C1008352a933616213Db897A71B026,1
0xBb77abD307946A2832D3AD9f96d573DBcFE05661,1
0xbB63203FA253B667F1d8D591954F5a14ba5613E2,1
0xbB54A1260A44D862523b8dc7682b5eBE36839BC8,1
0xBb4cc15b63bc65ed1261853c5aDacd867E1fe7D0,1
0xBB26c95F90fecEe084049dE648cE54F2Da01076B,1
0xBb10345C0e95D2CF5C6DCC8c2420F7B1905158B3,1
0xBB0e73B3e361188DEC0e53b61995bD8d70126523,1
0xbB0681e131d704cb86bdA625A730c7866e262A3A,1
0xBAf3952E983CB093891e3636d49BBf7B9Fbc99AB,1
0xbad35FA6e368e90fC4faf63507F2D0A2Fdf94BAF,1
0xbAcbBEbF6F31357CbE3486E30879143Bf86f7F1A,1
0xbaC9E9A7107480F32B16a0547cE37205E1880700,1
0xBAab83De8DbA764bF02a530cad33555bD23eba22,1
0xbA8D6600F02CD4Abd93eC63Eb99463a18aC75004,1
0xba8765802198e5c19F2BA8fe9b0dA2B225927AAf,1
0xBA831f688225EaFDCb3dB38094CfEa216CE1f277,1
0xbA5E3Ec20381C31fB10bAB8F8437c8fAe44382eE,1
0xBA5C3DB06479c9EA97a3c0eb2A52288ffe2A5a3E,1
0xba4a5d1274429Df82Bdb6338FCB9be3baD857ADB,1
0xba207977F3775E90f5DaA343ba0b06eD1c2D6e4c,1
0xba18f8128ebBa68415f84B2A88186A89b90E31DE,1
0xBA188C418d95145D73f3706b6d436249FA5cbEB7,1
0xba181DeB98AfC2202202C9AeBf26B18f46D70497,1
0xba133ba5b4247A8298151bc95218Ce45f53FfB3C,1
0xBa10d1C045Fca9470AC81755062A97df524C2569,1
0xBA01CB8659924048c042357EC8F952CE15059d7D,1
0xb9F899B59261c6cDFbd6766451d91ef28c291C27,1
0xb9Bda4dF72457780AF78A878061848e9813cEa79,1
0xB9b5bde9C4A79eaee243ac0BA85d4B1BA7025d0f,1
0xb9AAd7fb7D0854a4bD55Cca2c8c606fDA499f7B9,1
0xb98813a1469cE6528393b04C1f32aF4E58F92803,1
0xB986D4857212A2d2a03a459a9b2d3F6617791002,1
0xB96A5451B727F0505BdeC3B595613C8BDdc62f15,1
0xB955DB051Bf09a645c26730752E28F5E3776088F,1
0xB95333674EE21290380403dB2Acb4149E0Da9ae9,1
0xB94835172b8321bC98624815944248Fd9E9B6c2f,1
0xb93F80AB5c2E98cae097eDD96Ab8bD120F138813,1
0xb93211d767383C362923f10f60850A0605C0e74c,1
0xB92a8d700b990ff8CCF5452394474E09E46E62E7,1
0xB925E3F06ae5A313BDE4822606c66f44bA2DeC45,1
0xb9179e45c4946EbDcbB9f9a2522339246025a66B,1
0xB9157a0bA89A994d6c23d1B0ba95160B1a330d33,1
0xb8F6e42b18219Cc58ef388dE9F72909104906C63,1
0xb8E3Fe20DEBC2856C4b6941c099886FE517e1C88,1
0xb8dFc637f13a27d980d5B1317c9BB7755Acb3e6a,1
0xb8DeF7D02d947f7dE25EFA7BF895d1Bc897DA5c7,1
0xB8d738D819e43283257A8768e51850dA0469493B,1
0xb8Cd6934463Cf677f1419FFf8Ae013f222A45973,1
0xb8CB5B6865cb5B46f56c834C50d7478db812Bf6f,1
0xb8CB170D308e8535687A43bd1934eb1F7e9AF3c8,1
0xB8Bf3c32bdCfeC3500e6e8345e8231A579Cb8aAE,1
0xB8aA6c1080797e1Ac4E1e3cBc270F6Db42fc22A0,1
0xb8a58AAB3f729b9AB0Ff96b9938EeBDF78801EEB,1
0xb8a48b0b7326D422662F79F8eF07E417B1d32eEF,1
0xB883bB5580CAFDF9d4d75373c65481DF80193713,1
0xB8779a64d1a2cB4696c36C4D6204C00AC555Ca0D,1
0xb873312EEa2b9F07e73f3dF5f628cF4e01026632,1
0xB871bB8Df27607e341680B7c6dfE76FC67D207e1,1
0xB8542377534C1075A9BB535AcbfF6dD560a32799,1
0xb84FFca721f91422E999840486681AD53B2c63f8,1
0xB83976FF9Ab26d5Dfa0D8581C5b82Fd9f2E2Ce60,1
0xb82E4d1448CE1B4AB29aCE7C04B5C0427F632b91,1
0xb806355EBa0c92fD5d2733FFaeF0CeFc3fd653b4,1
0xB7f06b794DCB748679f4832137CA5C10A32cF12f,1
0xb7e32f6899e665E407fc068cFFED4267f955eDE3,1
0xb7DCA005480d8a3526c1Cf371d8B16a69b6856e2,1
0xb7D6e69957EF0cd884f674Dcec1789cff7b573b9,1
0xb7D340b9E562826a740b0Ea7be7c87d5eCC2E0d2,1
0xB7cBD25149Fab506A831D46454C910477557133B,1
0xb7C13c89679a8E887fc76F6eab9D2dC734971A36,1
0xb7985A153FF4C8fc197b859F6f7979B126Aaa315,1
0xb79840074e023e2fDB558E068FFCE119628b1242,1
0xB7963fc6DEE3b8ceE16511264c89A2D944d11F69,1
0xB7831a193f8F10D7120006c3bc8cd1E4dF24FbE2,1
0xb781C698127F919c69b6Ab6852918ec85dd25911,1
0xb772565dFd2115a43B05779CBA608Cbb2D559508,1
0xB76fc97FaF0868E4d888F2A39A01c19B87fC9e3c,1
0xb759347ce31b42287bCa4806ab287e587Bee1D51,1
0xb7376B6E074B1F2688F7f0dc9F84d11aea592755,1
0xB732F1d01f48e67b4364f4c9D89678Cf7CEB6b0A,1
0xB723581441C43FCdCE9A9ca08Bd9D95162c11126,1
0xb71Ac208cAAf2EAcdCBBFB385C99686E539AC4ED,1
0xB714fa495c0332b49D580F2aabD3dA667D068b0c,1
0xB701c7139324C79682519fc76282eF4173f79B26,1
0xB6F3231ffD185e549d52024b24570De27c7F8d6E,1
0xb6e3633BaCa360f52D51C88B2a1b00200275e54b,1
0xB69fe0b36DB7122f19640fb74a616Ae4CaC3d177,1
0xb68F3F85D286a426326E5355b1DBe536AdAF4fEF,1
0xB66eD94bfdE5081576d365046453b0d325AB26b8,1
0xb66e29185c26ABB36fdD967388E0472c7DfE4aEf,1
0xb66742577DF8c3750489cCc36cAE779A4e28213a,1
0xB65D4f33BAD72156d1738eDa2ddD0F7b9406FdAb,1
0xB64294967F975B5476D4b74F18CdE3F97Ba43C04,1
0xB62e1762A22644a5AEEb800E7a0dBBD4a8E7e775,1
0xb627913a518661d941B97DAbb9FFc9c5405A014b,1
0xB6117B7B57Ede9BB224208F957F94501DF6BbD64,1
0xb5f1Dca207D938393035d35aa0737EBE023Dce51,1
0xb5DEdC73b1f7Ef79C0f2f0db67cDAE982030027b,1
0xB5D1C17749985F8Ba6F17dA81CE42FcE59d9f9f7,1
0xb5aCf5797E2824655E41847DaaCa2c8e2Aa49e41,1
0xb5A531aeEC03d1500fB0FEad5489393324eA172C,1
0xB587C746C6Bc6b59B3B02bADD9d395D56a915aeb,1
0xB57FE62d1fC6c08B7984394ADEA7896623682edA,1
0xb57c68C3Cf6046d62EC9fb08BF526B511F4de2be,1
0xB57B0713B72CB43a089dce420db9aAfAAa91be8d,1
0xb547bB170d6f49667d5d770401747CB5E536602a,1
0xB53B5285137b4B8115780364822c40C3B29904F1,1
0xb53656B16A86bb819D4391A2d69110eaf9B0531d,1
0xb52C984C80E04f8e16b62D3ec9Fc2BD9eAF28e9e,1
0xB528dfB690FfB696F975Af06e6eD622AA83F0CC7,1
0xB51996959312ea25f887314fcF1ee2BEBA0e0E9F,1
0xB515049bDd26C7cb39DBBdAE759B67F02565D0ED,1
0xB4Fd729D6a8b87CF06cCbBBc99d9f937A73b6712,1
0xb4eD14A2fB501e4DD86bCb442e71c78520c52926,1
0xB4e97E24739BaE193a7eF041f110DDE8e7fef754,1
0xb4d4f53D3A458Ba963879b9CE55976d266B360Aa,1
0xB4D2Ef978E42f646cf7247326Cd357F5005B830d,1
0xB4Be85887D68A3dFDd5e9826A5b7744379FD34E4,1
0xb4BDd9b1404ac20E4c0556ED0f23510AF89e0ee9,1
0xB4BBa6864f812d04313936911431Ca2CDa9f8e82,1
0xb4B977922cB45280C291B55e33bd771B3026d6f4,1
0xb48a44CDB44f9f9681f42643De041a2867D6c2B0,1
0xb4794C0092C1120F4EAd8F6bAd8C3cf5C587e64E,1
0xB4682d16FE69E3C1aF17139968Dc1D68dbe77777,1
0xB454FF5200FB147782af6bEFB9E99031cbb8dC0f,1
0xb450d1620282CfABB96Ca44eFa0fA9AdFd3124a8,1
0xB4420aAE0aFA0C948B31D6C5C0Bd00a887c8F6a6,1
0xB44157124e18844F0e3d84F191c9E13D3dD42CF7,1
0xB4389Fb18db94727E061717278AE6Ca627939909,1
0xB437A90e59785740A67FC5376180AcC3b705EdC4,1
0xB42644484b313EAF21a52B457Cdcc4346014E526,1
0xB40EA979DCcb97b7A20E776F614fc47d041892bb,1
0xb407F29d00e0B824BCC28bD2dceCc7dF0664532C,1
0xb40705241AA62d5F9FDCB0D2eCB0D4dD86adc30E,1
0xB40610dE7BA2e40d7a6FeDDBb39c02c9eC7eA979,1
0xb3fd923aC79aEBF7fC11563FAd9DDbDd8914783A,1
0xb3Fc23c0A9345c649a8f36B45b69EeAAE9e99e06,1
0xB3F80f085fa3810208CD82a1bF915cb1459aF09E,1
0xb3f2B35484eAf0713632f4C5c89b0a2d3A4eAdCd,1
0xB3D8bfEe35c6272095DB789B6eaA45ac2fb571B1,1
0xB3c3B43cb46EF3C0dc3b5AFE71ecA5ADbd6B084e,1
0xb3BC0E8a321D78c36E30A24A97940D532e5902d0,1
0xB3b79BE90E47e5C8C0b6aC1B72354Fe92Cf0c8b7,1
0xb3AF8fBC63aBAEa31e0A4dDB268e15A9aB6dC67f,1
0xB3a29E6bEe26663772e4d9d38b453a5ADd44433E,1
0xB3a1581B786d724d34377D2A90C6f239887d1908,1
0xb39BF4d0a51FBe4525D34928425317B7cDaf63E9,1
0xb38b0F20f1a3AC4289DB19a462ED658360969305,1
0xB385D3940e5Dd6f021619C70F7223c904A38D0f3,1
0xB37a44eaEB3F9D3e6a9d6A7dC6309CC9B8D144bB,1
0xb379DD027643e23df9762A7dd011ABF0c0DF95F4,1
0xb35Ce5a513A5A43dA58efa7Fd62500aA65D705af,1
0xB359F9E770432339C9b112f9934cea558F8230Ee,1
0xB357610716571d2c8DEFE1f7a0F0d71522A9bCd5,1
0xb353D1ef1668c77772Ac26058D7f7ab58ddD39Df,1
0xB34A229f4C79d5836e1268130ecB5dE47B9724B0,1
0xB343880DC01517DcfCbb528864d567e3389753E1,1
0xB33FB420c0d351C2F52eE2E0a804103b6963F86A,1
0xB32e1CD467Cd9d0F79B76765Eff0f7531b6141Ef,1
0xB3117A19adf8966D38b0c66E117F37497B86f139,1
0xB310e66DC463A595a5CEd4935d4830235E0BD3CF,1
0xb3070FF2029ccad7493dD713D824E8111dfcf63C,1
0xb300AA30dD33e1Ae849Cb69FA23D6Ddaf90a69BC,1
0xb2ffA393F0b4072081eB2738EB8340bF877BaE38,1
0xB2Ea3d8451d72Cc86059e65d6CEe748C5E47fF60,1
0xb2E6294F935821C49840a0AcFfC200993b1b6FE9,1
0xb2dd2665cAF61c0B66534593a0a86B6CBC3219e5,1
0xb2D304c84E020bFB5dce3157441F70e0EDACE84b,1
0xb2b9300475aF157676C44eE64d39a5eB3C294DbD,1
0xb2a5741a365c710267EC91a7DA7eabEDeE1aC552,1
0xb2a4700bAB4029E37288f6e930aC74f7DC95D489,1
0xB29823cf15FAa4762aDC2D8A4Ad7A53a942Fc49f,1
0xb29542b7028249B997DBF25e313aD8Bf95e459E5,1
0xB2942FAb2eA46f3A8ce3e94EBb969A6585481B3A,1
0xB28a6DA16dD155a393C90534d1CD0A2D01C9EDD0,1
0xB28a0fe92a1f79d8ed3A4EFF253A8923ffdd8712,1
0xB28979b1F6Bec6e18061e9fe50d4c6f7d1121363,1
0xB27FbB6B7a5341292F23f9a1c1B450F5A4E4FE18,1
0xB27b9df3af56460B7668bDAFd9C9d61035B0F898,1
0xb273d405fADA9e78515DE239474E45666293ce08,1
0xb2722C6f927058DBE62F069C228d8e7F8876d6a3,1
0xb270FcFc5e5Ad7558cE13fE002F5a702B42246f5,1
0xb26DFF8A5757B04653B31da95CF5ab331Bf430c1,1
0xb2630982A8A05aE9a0154bAD2F7549C84698870d,1
0xB2629a5bb47065F01f312f8F2eB9ED9FE137EEF5,1
0xb25cD63998e90ABcB03E0778bCc3363830bC1049,1
0xB248140d89eE4A1FeAbdD28F2f3eF23e2Bd4b469,1
0xB24136a9B9C580B81b919f3cAEA3295117c38e59,1
0xb23a8cf07E1d22a8670bcaB9930cd212fFa0A87e,1
0xb212E85c263094DCC95FC98f646471440F0fA931,1
0xb20a1C54842B558BFAD4C14CdFB8aE1C79213C04,1
0xB1f8Baf8c50D9Ff4d96B5591a2588237Ae90589F,1
0xB1F79bed5B12D43350EA6B098FfE8BBb027b2D65,1
0xB1Ecc06C51D2523145465C7C2C29930DD47f5947,1
0xB1e302B3a3b0DE2173c1A1c2De19d2868B7C446D,1
0xb1DCa7d52f4A7501538561467F1C0466FE17B93e,1
0xB1dB513aC47E476944F392D8E047E3A0A5a5FF9C,1
0xB1CC3C82613C3AB9301279DED315Ab3Fd946D96C,1
0xb1ae40f85f02b5c5f784B2093b0C4146a70d895F,1
0xB19Cf92A4Bb9E77Fa99DE29AD5566c7B365A262A,1
0xb16CD42b93D9500A96137D526d87C1B03Fd2B45b,1
0xB1658Bd148F54c1E59d85F7FDA511b558533b0Ca,1
0xb15e5C1469b0BC2982BF211C93afC9Bd1e94158f,1
0xb1567DE93185025FEB660BBe8EAe222bEAc3C1FA,1
0xB151dcBAFc732646c40760aDa8f3B399976066e4,1
0xb13d6E97ec5367BF7eA4eA7f1C4AB781B35c1830,1
0xb13CE6ec056d0d994c424e47a07C51a8C2CFCc4c,1
0xB13b1c464c66A5B814d74Fa0f439b8f2d9C69dbd,1
0xb11b83ce2d572c0584eAFea786491A6d9Cf9f8F8,1
0xB108f1B1aAEF8bFf2d2BcE5469631b9d250e44B7,1
0xB1062c554120b8A0834fE03FfE14eDB9bD8ac206,1
0xB0Fb2E75dD12F1e88F031e9C7530076228272445,1
0xB0e273Aff64c268F536f612eD2E21Fdd313612B7,1
0xB0DbFf84665663d07D224BF2ED54786678529b54,1
0xB0d581bD1E9f0d4FAA1b3579F20d79013B41d4D8,1
0xB0B76D525ADcA311cD52f93581125dEaD63F5AFE,1
0xB0b6dF303659E6ec027230A21F91a08013FCB226,1
0xb09f58Df752f323686c010D8f397e27d1c416c2d,1
0xb09A0b8C795df0A74383121279bE6aa1f02E57a3,1
0xB099B7545FA50635c867A80880835C0aeD90d6dA,1
0xb089576B4122D90d13FA15d25a15e5819705cd2c,1
0xB0808a7A900aB4A5A6b8C1D878BD4C742B59D5EE,1
0xb0773F23882141d75EaA17115b006F99C00681Fb,1
0xB065e7A9A6970265855B491E3dd69824C641315c,1
0xb06145Bc400005e39509A43ca62F521476aA7D4f,1
0xB026148bb96FddDf37519659C49A170966eC86d5,1
0xb01BB99CBABF6A84b0b6ff75dd54e2403545E2E0,1
0xb014a27D3Ca5aF30Ac0A98DCc8502F03146E06eD,1
0xB0131f9775be0d4eD66cC475B3C515A7e1F5d26a,1
0xb007fE067b7CaCa64359828026E629a8e0bADc54,1
0xB002f40EA3fD537E7aE0eED5dbe92fAd88818785,1
0xAfFbA45eA61B587b537C3FF956F1AcE53E3ff4dF,1
0xAFE2b51592b89095A4cFb18da2B5914b528f4c01,1
0xaFC97BCFC576fC946a4fFDC4153832a2c5D351a2,1
0xafC29C2ae80c368A7350766B882b9C891e0c5a06,1
0xaFAeD45f822A339a8dc075d00c8149DDd376D0d5,1
0xAfAEbc58C7b7b50fA32dc7033D0c36A67aFC1E8B,1
0xAFABa879575d93f3DdB187321cfE8615D47F9bA1,1
0xaF9e273909063FCB13b4e9DCBCD539fd7100ac45,1
0xAF9b7eF9986ce193BF131fa3872739bd33807AB9,1
0xAf8E00633707e69b614dB781AC2706b7c79Cdf91,1
0xAf8d76Bc8F7293e579f319E4D4fD751cE324A6a9,1
0xaF73012108EF66E3cE96978b53704d792E1e21fb,1
0xAf72a454d6945532441341E917669462B88c5F08,1
0xaf4eea865efcFc2843a53cf78D3b78E26e761922,1
0xAF2aaC8fca504411D300e1FaC33F2994BD57ecC4,1
0xaf2A0aCd19f914DEc99CD786d2C1676E93EF1b00,1
0xAf1c383ce06debbf9f3C91349FD03CF651221121,1
0xaeFA0F6cD031F4e5a3E88C61602d7AF1b9E0919D,1
0xaeF3f241A7BDe1ccB516af87b40269c495E440a7,1
0xaeF1Ab153AaA6Eb147CE6566A62A99b0FAD2224e,1
0xaEec7e4CD18A865FFC4C1D01149C763b149AF023,1
0xAe882310F5A32b8D7EDE710D53709A5f6615BB1A,1
0xAe7B43956A375d3989771852d3951142675584ea,1
0xaE6a429bC2c2Ea91004B11C968ef5503612193b6,1
0xAe4676Dc438Fb131a1e207C4F024e833463090c5,1
0xAE444cb621A9763d2Ca969F11779619eb79F68Da,1
0xaE3cB9894819e531478253ec9af37eB404b37ce8,1
0xaE144c807D444584445c8B4D3B396a26f50E2837,1
0xae0d6cc1bd349D1cb17ae8A3D52A69AAA2F4264d,1
0xaDfdA5e88D3642219427DC8278029B17a7DF5CE0,1
0xaDe3012f496FE3b715198BC3188F914534fa19a9,1
0xadD5C90E72Ae6F456e0274Bf7E738Ad0329789c0,1
0xadD2A3A914d4824646fd4131D32A051B584Cbd84,1
0xaDAcbA4Cae9471C26D613F7A94014549a647783C,1
0xADAa78db09f0f38ca68FF357ba5968c96B2d6D8F,1
0xAd99635A0Cd8F53B27c7892B184382F60A7405c1,1
0xAD8Dc2D9bf4DED1a9537D1045Fd12fb77d939d2E,1
0xAd843946683F50b10eed3d8091A8B2052DD68B1c,1
0xAd76cDf159c8039Ea11D85e63f3C6ABe96683ef8,1
0xAd6F973B197e2CC7964493dfd5fdF317E19171a9,1
0xAd66c362906fA61A7207FF56ecd9215696AaF849,1
0xAD548543F7Ca61b61179E7D9e78613900E10a74b,1
0xAd52115f4B45fF0E976Ff6c11692b6aCBfFB3C0c,1
0xAd2D729Ad42373A3cad2ef405197E2550f4af860,1
0xAd28156B17e658A4d7b1CBeF01bee22ABc0eBDb1,1
0xAd1329080628D717D8FE440Dba12C364c0CC6C91,1
0xAd108D402B1fc84D29bC3196F93A0682256e2b5a,1
0xad0712Ad8BE4267712D2af753832802ab1fc6224,1
0xAcff90ECc79fE2775B49F938501b39998802A4a7,1
0xacEfD61C42397083ba060De0580fe1600f1f766c,1
0xaCE7002aD993bd95B8ce9bBeDaE505250D0a5B18,1
0xACdb292eD21B4ADaC6C7E8EA09178969567Ac316,1
0xAcDAb513831Dd322E64b935cf9Ea6cB6B69Fa693,1
0xAcdA4887aeb846166d798D701A7c62Ba08ec28A1,1
0xaCd7b8C36ca5270435D66f4eDE10c7C76AC2f286,1
0xacCaAAe9a153bACEA2Ded2E224046BC7382E6FAd,1
0xacBbeEA3dd8b4B9F85166872cc83C99A07c4A45D,1
0xACB5a6e111309661EfDbe34Ccc667247CE2Df67D,1
0xAcB4584F1996aE6f76C358C0606B5F791E8131c3,1
0xAca6e37c9A5f388c0c93F15e24566Aa37E52c277,1
0xaC82D761942BE76ABD8f2867cB3d702BE4C530aB,1
0xac7eF19Ac8C321270ab3067a34b26346ca3CB0Ea,1
0xAc7E3EBa90527A610981E204740BDdb81D63aC22,1
0xAc7dD5a34f5859ef1fEcC8f4D036f75A35B19eB9,1
0xaC6e59bD64a06bF91446d0530ec0C14Fc282BBfc,1
0xac6C88869BDfE5e95F27A4AA6D973c97Aaa75018,1
0xAC63D7D9C4E112feb40D17a89a7874dB5f4bD2CB,1
0xaC4F12BB143B1789e73103Ef3893cb4c3C195408,1
0xaC422eB3036e91142A74E2BF5f610A1B76fC090D,1
0xAC3fECe0ecB0d7Cf46e5836e0940432b017A5278,1
0xAC3D1135d92126d409b6006aD595807b4569f9D1,1
0xaC2b75aB7208e4a5E989B935d0E986b2d2E2a8a2,1
0xac18DC5C6Ae5DdD9561756bE1502d1067e4E7432,1
0xAc17C943208ab5c90594135119B5D2E7Dd61A752,1
0xAbfc07De04D41297569b054EbCBd2795b6156c8B,1
0xaBF6E5Db42DFd4A47503f9f89f250accB86C569a,1
0xAbF5cBf354B338b6a385E8533037fA93A621d554,1
0xabee1B0Ec0fc342d7162CAA8A137dbe51289045D,1
0xaBD23F3Ef26cdfa9E59d617B45FB26001288BcB6,1
0xABCce04E7BCd87f4616e115Ca9b2638c18F6C89b,1
0xaBC3Af95a03f721EdD776d451FbbeEB377B71Df5,1
0xAb97280FA53539aA03A000f58d4B8D44fB104451,1
0xaB888291F4127352B655fd476F64AC2ebfb8fe76,1
0xab7e379450055909fA986BCA002B9DB5fCb2e234,1
0xaB4556262319aBE89562e380D1d79a48d79136a7,1
0xAb2B8867a18AD9efBb42A4ad4f4574fE7C7D5084,1
0xaB24D9b1F3814A4F007803761364d0Af222b9e11,1
0xAB195d71338E5C21C2E77bc8d555CA766a3C1C83,1
0xab11869EBbB11d062671faD69974CBC73934b3aF,1
0xAB0faBA43bca8A7C522b1737dd2d7059774853bd,1
0xAB0dea681bD8648Ec853505c55c6Ef477E5552F8,1
0xAafD92712984eC986598CAC484D4C3aA8306B7F4,1
0xAAf80F2Da31d224f2d8909b4DfDbF15f1C340BEC,1
0xaAe8f4B5BB56aAC20dFbd50a0d01cD7425aF5869,1
0xAadd045f9CDCAF89C2bE5e0381412706B3601215,1
0xaaD817589E65ed9Ee81920862e24562CF5b31876,1
0xaacCed91e117475F1a1b352E2d0B0Dc506AF25c4,1
0xaAc19D850C2D2a2687d62459F55c3C25AD0178cD,1
0xaaB3B31B0eAbD268Fbda416910B230F23a945F2B,1
0xaaB189a3631AD9B9d42265B50186Dae79E38407e,1
0xaAADC15361A607A0d87bf46481325BED08216255,1
0xAaADB2B10a4f07eA28Ef455b676Ca1138934F676,1
0xaaA2d23AD1410d6752B62F2149532Ce4F7eB2BB9,1
0xaA9Ffb3148f2ED1703a287FEE7D15E7EDec09cA3,1
0xaa95eECacd9A61dd2cB314bA8545C5c428137045,1
0xAA73C1873fbad2bfBe13c5bC4E4F4C7FA48154A2,1
0xaa71d845e6Da88069f69e56bE7421a77E2fA87b2,1
0xAa63F193aE05fFe81039bb2f4994AB23eF13eFbd,1
0xaA638A5426ad0904Cc52E161B4A4832168eb9D40,1
0xAa4cE10871FAb20F2791B443E68E0e5500a5F20e,1
0xAa49C5B05352762A74974F7c2e014B906cb00334,1
0xAA453458A99887d6d5ed4b19e39728f66645923A,1
0xaA33417cE68719f2D6a06fD1c8421A9C95D8212d,1
0xaa23a779E0E09B40efBc4a5D8539517ffb2E6eF3,1
0xaA1c44C1610bD9A7d8C4823b76e05b0fe9435cB6,1
0xaa15026DE2458c691C7C1Daa836d079B93D31859,1
0xa9f74149bCE8c6c226aDaa5967E1c3c6e8691d87,1
0xA9DFa1F5B0f2Bf782bb9eB40af65c7cb02BCfF7e,1
0xA9DA2173D39Fb834Bbf7c4AE374E96030Db9A7a4,1
0xa9C022511C38127951fA71475e43f469e6ec8E1d,1
0xa9811f9f6B8bCA7f9F91f850A98310e63FBB7326,1
0xA97126822c3E0aaF3A2A3d5E0697649F500EEB18,1
0xA9542A321a101407616b9c8731391A7833471d4f,1
0xa9381cc0dc9C231D9eacDbBaf1daF600da1CBC3c,1
0xa91E1B5b54d845Acb57b5ae877BB5218FDfC8001,1
0xa8F4A971e71Bba82514e669075326c7a923Ea6B8,1
0xa8ef1065B278D56C319F4aC388e98231b7523ed7,1
0xA8E2eD5C8549109462Dd6Ad495b696b7a1372c7C,1
0xa8E17bE2B11E744561859C9C31EA060EE30bf37c,1
0xA8D70d963cc2784Aa405e288c4Ca70D68c76397f,1
0xA8bdcE906925Aefe3CE7a6fC93Cb3C8c088c644B,1
0xa8B3a54d79cC8B3D35A581fae518177149739f05,1
0xa89E3973aB78111D6a9B98DAC1c99209D1fD972e,1
0xa89b7Df5086AF472Abe66Ac78CbBFA9e6eD53bfa,1
0xA896794b3633382232409049F58F5c2A966584d0,1
0xA894c5ef7A6C33E7043ef276307cAC91549C9b6c,1
0xA88A56786c8d1d63D0735b6018f623a6aAd84aB6,1
0xA8879c580A54f190eD53b43d30dE269097aD7543,1
0xA87e7535e6Aa294C69B4DdB85AD5D0d743ab0aFD,1
0xA87E58a25F22e1e44152cb8900aF0B52cF2830D3,1
0xA878150E31b3e7d0418A8B5fFb88B102c7f7b289,1
0xA86e1E2C719C5731B72A2681e85740B5A86E51a1,1
0xa85bd2bfF15565B9653FdbA9Aedf355d5352dA13,1
0xA85969C6C2E4D65493E1017F628231242A8Fb4Be,1
0xA853940A3ab810d422568eE5adb37c9a15eed3E0,1
0xA8518a2cCDfe353844F2fB553B90D8E8A740b347,1
0xA83744Ebb1321e21dF821759EF43F80a9df279aA,1
0xA82eB7116E2b3117be7Ef111fe8e71197Fda2FC7,1
0xa822aF484Db265e5bdE05aC644FD531B53d72CA3,1
0xa7F930f89270202AF6cCA03b9fe196A0833d9E65,1
0xa7F053d0a4dF46577428B84Fb3A59e98775eE698,1
0xa7c83DCF18C093eb7bd832C945ce263A1bA3e358,1
0xA7c7Edc67524091B6199DfC533b7fe28111F2009,1
0xa7b44987B6eA7a29F06834F265d6E32f987c9274,1
0xa793169Df3114CfdA36A4bBC6f235C4100837765,1
0xA757A40EB8256CD8dBD73df6F2aCa368bce281db,1
0xa7460CDDFb014E4147Dee01490a7c67d5E81D38D,1
0xA7410C6c2e0cfff431276B2e69b4948abE370871,1
0xa71d3F803a2835b09e18D76e2b9AD9B6a7dEEACb,1
0xa6e96DBB6B7d2c12062E70d3dEc87C4FE23f961f,1
0xA6e6fA716b55A08f3F75E8B99D954725Bbf56927,1
0xA6d8096be76cDEf1663C7902a363aDa574abbE1a,1
0xa6d06d61efe823F0b273f88c6bF282F7E768f5f7,1
0xa6CEAFC18E82dCa907Dde421A08041B71A3FD7A0,1
0xa6a845F6246E87F678BF43cdbB25f4d76cC68f2B,1
0xA68FF970b3A32e0978Ed78A4f7b0e0ac8DDd1954,1
0xa67A6555D842E73094A41A00ca5E48bA4B328217,1
0xA66FA649456A55AfAbF3FdCe1654D8C8AF242D0e,1
0xa663473951A57fE34c0a8F4e3d869a29593Cf5bC,1
0xA6583617baB73f18d1Db30a5Aa4EBe4dA4af581B,1
0xA657c9292208320cC27Ff2CEE72388E9d7AfAD4A,1
0xA64E579e63Fb327408fC8C034F506832E34b3E40,1
0xa64768627f4eBdCac40CD830485987ac2E6a760d,1
0xA63F6d361d373F58520F7dd43048C6a56c912f87,1
0xA63BE6A6988E5871886965af706c7A8C1e5f848a,1
0xa62DB7185896111d0Fa25C89124A41Bfdfb047d9,1
0xa6253cBb1F54863db859dc517331611e7c32CF05,1
0xA61C95bAF520FD77a0EBCC8F3b62175E378EBaCF,1
0xa6035b6c438BE8e9FB1A03949b733DeA859e8072,1
0xa5FD64e05953a35CaBEb7593C047d3610164A057,1
0xA5F9419373f0A88e3A92BF5b944A84a19DB555Ba,1
0xa5F24E38227915caA61a35bC9664d8EBa960ccE5,1
0xA5e6914dAC5C5559E78c96e8C9984DcdFF162968,1
0xA5bD3E7989152CEC30526D5627F2D9Fcd30Aac2f,1
0xA5B6Ac92A420BEf96e90AB937d857193Eb38A098,1
0xa5B1a2794Bbdb440b22f8ce52CF34Bb1E90f2Ff2,1
0xA5800276Fe1B92f11fcd4Dc913e36578042a7724,1
0xa56364ee7C318d7C3120f945D5dB4551249175C1,1
0xA55F3dAc8d1a5a32998CCE96F361071D78585b4C,1
0xa559c3C6aD9d6964df04a7b70e821590d35C393B,1
0xa54D6FD8143Af647F49D57f98db806376040868a,1
0xA546F7b5C1a7cfd5946f643aBe35b909A61B771B,1
0xa5437c9d2f62F79AE22B1DbD0a735feec7CEF6A7,1
0xA534EEeA097D3Cfabbc155bAdAA7e09aEe07E343,1
0xa4cc7aB203E773140F3640fEc01564C1550aA4e0,1
0xA4Bb6c15542dFA6713b7556E65B25E8A019713b1,1
0xa4b24d30313c1DE69312a593cc5F777a74056248,1
0xA48A63a1c7872f56046f601d9257AD3e9C15D85c,1
0xA4893aA86Bbc451c94dD7EDCffB9f09efe6b0447,1
0xA464f0d92583a3453AFfEce21aBD8bf242c0bBdE,1
0xa45672b57f8Ff3FDf498C0C58439611bE3029773,1
0xa443D1F047Ad0F4dcB67105A5b5c9E1313eAc89C,1
0xa42cb879992060C937101Fb9194fb87317Ee759c,1
0xa3d27c097412421464D60AC009EB89102826f127,1
0xA3c154418C492F868733E2659eAbd38277b742F5,1
0xa3bBcb2154184a2E8D4aBa303a2E9207113E409D,1
0xa3aFe0D0EfCd85E5fE1d132c792028D3d9782D14,1
0xa3a21E812b19295404e6e807Fb25649C16104FBF,1
0xa39970F4B2030aA33abB103C84CF0379fEDAF803,1
0xA398166C56Af9510A72724e7786703428E7017b0,1
0xa3833b82A2c7Fd630B298364D66cdfF9bb198F4F,1
0xa3603032AEf6dcd2aA729bBF2673D2687427A0b1,1
0xA35dE2Af514Ff710012DF611bFe64Cb016C759f8,1
0xA3513E8dd744Bc0095A8Dc1FaA22c8d74A088F23,1
0xA34a89e0ABAdC57858a3B693fd243267c72A1563,1
0xa339d12aa6Dc3508969F9E37A2704e4602668E0B,1
0xA33851699bD835BCEd094Fc09a0b042dB25ACe1a,1
0xA336e324C8e64dAe3Af170F85D94A9264f7791B8,1
0xa32B8CA2E112444B2b3469b572420e19503D5384,1
0xA3268eDfd84415472D9c30eCdEBa487f865Ee063,1
0xA32535ad94Ad1Aa8053E39cf48196588d9c57c38,1
0xa323C97D71Aa765f44C9570b4cd1a4Eb79d23A6b,1
0xa3152B7ed3C33bDba05cF62AC24fE60128491A8E,1
0xa311757770aA89Dc50D608B4c247d69c2bddc2B5,1
0xA30c455FF6Fd5A206478f826E486DA72C5363E10,1
0xA304B69F710785756A64924C9e6b2efB3DC3a15E,1
0xA2f071e9C103c55334C4d3105CD5c981cBD049a5,1
0xa2e23adb34d89368d5803A42C749714528855750,1
0xA2DdF928FA2B8Bfa8e98BcD4056560A350D8050E,1
0xA2d9d10aceCE8512a99A3048C88fa274Ba59E2CF,1
0xa2D5451EcaddcDED46c899bAACB99bbf8E5181E5,1
0xA2C748056947f6cb9023be101AAe94b016ec9A62,1
0xA2c557EffC50Fbd15921Dfe5D33e645692336d07,1
0xa2b31A9E5d89026Abe81cfa6751bBe42be2bfe3f,1
0xA2B1B5EA59e2114655A133B3F08691F24f33F615,1
0xA2A8FF2AC4f5045aF0cdAB6F8A37Bc0072b13Fa5,1
0xa2a83510DBdc9c0c8501305a9eaa87F7E5755ded,1
0xa2A45D50270d68AcFF6375464F56C1c108dc6a8C,1
0xa297bb9a7Aa2AEc77f62dCD93Ea6db256D8643db,1
0xA289BfEC76bAEA3432179259b1249584C39ADeb2,1
0xA279279EB124dEa02d3ebD398969bA84593d8189,1
0xA27622ec5a59d9DEF02Ae167855493eAAB609c0B,1
0xa267a848eAbc5cD41c8E56bA4b58B10fACdAfF1C,1
0xA2626734FC6C4AeA301e2F70c02a5b31FB10F82c,1
0xa24875087F3b491Ebe2D59b46a358172e02c0FFA,1
0xA23D6C5AA3e67d54D0d68F11242d62a522F44e7E,1
0xa23B2E1a64111a2Ef8e6Db1eB8a7fd7a66cF7bF5,1
0xa22C6962641Fe2dB905E92F98288c97c80Ba6572,1
0xa228803941b7c585a1db10a07FeD6f96f9397E3e,1
0xA218A8346454c982912Cf6d14c714663C2d510D8,1
0xA1F90F050690C4371B8CFB3E4a2B883c07917B08,1
0xa1f3aAa3A96Db3b20DBDE1B5f8E3bD564dF8aE7c,1
0xA1f23b511063618b291e10782283380F842e057C,1
0xa1E84210239baD5571171a8fe304A90E7Ffe5189,1
0xa1e6B3a1f19f59BeE6C14f4d74EFE0ef2f1C0b96,1
0xA1D5D2d931b532A0503e97f540f65ed256f374e6,1
0xa1Cd45953095210477ca7f6d7D0Dad4f48688c45,1
0xA1C6808b8f08D091e2826C9640Be302a310655E1,1
0xa1b41fD5e7DEb143EEa066150848b6714e92668a,1
0xa1a94702D5a9519A5Ee17729d9fC3Fb40DE0453c,1
0xA19fB7aa54A64E15c84F0F574bFEF369f58fc9bf,1
0xA19d5b9ec013204d72A1270C6ab286ff18e132A3,1
0xA195ea3C5BB4df15412b986f7Aa0Df23e47468C1,1
0xa187B330a285c0d669C8a500E52CB7fAe0Bed3DC,1
0xA1851a9F56E640Db1bD5f9721c4a4C851E3b556C,1
0xA18453f015034D42D6c8169c3D88D2A01f52a180,1
0xA181a3c3460Ad5a2650f380352e3E68111E3D60e,1
0xa159A7314099840Be0Fc5C0196c83038D79149A8,1
0xA149CC21cE11803C8e3D405c71Cd9bB2dC018593,1
0xa1190dBb1cDaa4F424c3665128e71Fb3c20707f9,1
0xA117E9dd96834C001B7744Db16D67C346ab90918,1
0xA113c29eBc2D54319D7B8a043A26Ef1Cb2CEB9b4,1
0xa10D4Fe2d5793DCe7C28126BAAf5cDBed2be64A9,1
0xA0eFd36D09640Bdbe03f30c213350cC856d0938E,1
0xA0efD27acC781549D5b78e89E561AA0903932d56,1
0xa0e0b54e5659b2954B004Ed349EfccF2a88914Fe,1
0xa0DE50B3C4611C5c72403aE9AAA25DB805F11aea,1
0xa0DCBe64471E6338c76E437dD644A21CCE6CD673,1
0xA0CEfF9a89bfa0E2F8a50cf0d6B2AFf48e765e4C,1
0xa0c5b1AC8796922E247a9a441A321DB07c66410b,1
0xA0b26AC23F5b8479CB0AF2D4C28c7Ec8593851a9,1
0xA0a06492cCDdBAAB57F01789F55D97705b801eaf,1
0xA09B1d15003CF343EC9c40debEfc6F64d12E21DA,1
0xa096E581472070EBCA6e5D28df4e981eD3d9c5a1,1
0xA08932259f3fFE0f12B58Caf3B4124e095c7635D,1
0xa076B832FC3923c63077d8Afc9d0a826093cb9c5,1
0xA06D5C54B7E1FbfadEE881Ad4BBA2837cDFC8C46,1
0xA069F2204CAB4862c861925AD40b113D158A5E2F,1
0xA05f3e167247344291c4d1A7F1505FeFfE8f187A,1
0xA04A622F004E0f4F1289e2230f9Fe779D1E864dE,1
0xA032C7F94875E81CF7A547F12f4e2A66CB8f3b8e,1
0xA02f158a2562BEd9c3B40cdaB0594Ff00D008bb6,1
0xA01eB7015AD40Ef81c33901D72B63C7e4d6f6D63,1
0xA01C87FBf7E6d84AA83d1946A6d54D4efE288cAB,1
0xA01b70c17247628CDEC5D56aB723BDF6EFf854C5,1
0xa01374a0B5a8948425D49E76127d6064C1Bc3Dd5,1
0x9ff4e6A0d29894cCaf56D3C5A5f548581B18D085,1
0x9Feaf1AA15811449083F17A7A1254099d2001c04,1
0x9fE3c5aB2f90c2da7fB96E517b7E6d9CA9d0eaAC,1
0x9fE1381bbf84Af2BD3d1c1EE48EeD57e475f3F30,1
0x9FCE6916A2c4BDEF219C7181Fb31b9d686a3D6C3,1
0x9FCD7DE913910279B4D37cE61C6b674bb740bd61,1
0x9Fcb9D7D65416E4bd93Fa10701F6F5100cF29ff1,1
0x9fC440A1185497A988443d5ca151D8E0127995B7,1
0x9fa3f68DE6C6e9FD11c585021B5B3044A041dFf2,1
0x9Fa1EAF426171F4dc408A89c5e98F95fb79e5600,1
0x9F9EBCE72C0715CdbAD4d589986EB22F6782A1CE,1
0x9F939178010cCd7C361c35728e20F2aa73A18feB,1
0x9F90e1D41c405a4081c6366C34dC5DCf8d1A4272,1
0x9f8d14f051DD97A43584b5Be8bb537D71F26F392,1
0x9f8BCE2287A497cA9b9AAdD17d02F66a5E520166,1
0x9F84FcD4528E85301892B7396cb50408aC56E7eE,1
0x9F6214a5Da11BBbbb57Cf672e417dB58B63022F2,1
0x9f572Ac4a20Eb83B067CF9Fb8D4452041A302ACB,1
0x9f5042ae703eD4F33017Fa9F4595Ad97b495F708,1
0x9F4feAAC11B605AAFbb279E6473C65f54ba32E0e,1
0x9f45Fa7845889a3076788e4849b0F5173Cc6a76f,1
0x9F2b04CCE46C6Ef996E1907a91dcb22673E4b3D0,1
0x9EfF5B715d0E2C0ecDacB029C742dD516A751213,1
0x9eFC5DcE2aab77e99c73a8001fF6AE0885b21EE3,1
0x9ef3163270A65bd650C16DD7cE218a10add66f1b,1
0x9EBa2b4b8735876E424388e4244d0BF08F0Da5e3,1
0x9eb645e5377a7cFf632f8b62B3be77AF7Aebf61F,1
0x9eabf12c85323bd8c2Ddbc5E167dEbAD9B2C67D7,1
0x9e720B658169F8e57f76cA78f45dc8900CfD5daF,1
0x9e684B04176772A38c5F929C65789a29257f1CF7,1
0x9e61e3aEdf6417c36d8D39Bed3F70385791bdAB2,1
0x9e55c82628657080733841897ca820D49641DF63,1
0x9e55958688a76229e4fd2d58D8987708693C2b47,1
0x9e4ea9f5875664E351c9BeDB9763C37d4Ae626C8,1
0x9E455C19f84831867f8D5c08E7c22c6e9006d7f7,1
0x9E21d5c0978aB3A28B9AF9ea85E09b6818Ad7B42,1
0x9E1cC320d7813364F57BA34eC9c0707E52C2D79e,1
0x9e167dD8632aD7E020b963Cd6EA87a3A4ff2fCb3,1
0x9e0B5448bB687bb99b4d5A578D3C98d64A3eeDcd,1
0x9e040EfB07fbA6dE496ff34786b98C8f84d6AB68,1
0x9E00b6c34110ad2b9884b3bd6487De450D4Fb49A,1
0x9DFdF5d4a33b43845Fb03649A96DbE2563Ae757b,1
0x9Df07693e88929Fad40c491bC95B8a591D634D8A,1
0x9deBADcAAE4820092c8Ff7DC741C9ec7D9E95027,1
0x9dEae281b0c3075559759955d5797dfBC5f833E3,1
0x9dE96Fe15B25b5b3b98484c21ff66a302679f10A,1
0x9de7A828b2de953a1d47E7FEFA54FEC1330d6B6f,1
0x9ddf49b2f6150f9154B1D2deA2Dc9F0c7f919dcB,1
0x9dccE9886a215fF9E7baEda432169C9d9412c1F5,1
0x9dC552A659D48c4479E2231E56a9f93161483Ee8,1
0x9DC377624475170C839CDA895B1239a689Ed154D,1
0x9Dc2C32b97c3c916b3Ad7C41C10A6b2b282bBCe8,1
0x9Dc051ce8Da00508838D152C35f1Fb94DE32b6Ae,1
0x9dBd160E933e269EA46E1E1194fCeEe1caCE0129,1
0x9dB20898dAFCBCEc7ed27D390BdAD9f95d74C350,1
0x9D9AC7ae2e68C589b3D06eFC5B30Eaf961599f02,1
0x9D97b7fEE9308CaA5a892Fa916f79504929AA8bF,1
0x9d93AD6C4dc4c52f8ED781f7ebDAbEF6a19a3339,1
0x9D90dBeE2ab755F612E702CfB4abeA77912BbdC7,1
0x9d847897BECD0AA599Fd759597946C92F9406380,1
0x9d7E592C1430FDCA95Ae06B9Ac8621caE31F46A3,1
0x9d7b916b7F354cDAcda9Dc8f08aCC1073AD54051,1
0x9d7aF6dA98AEbF1C4914Ab034EA488672C26064E,1
0x9d6dF9345A09a82Bf3672F175da4eB51736de116,1
0x9D6c7641Fd39eF142684421A07a99d7a5a042863,1
0x9d67830773A0B42fb36cA4Bb980B7A8517BB35B0,1
0x9D5250d3F518a6Fe96012f159429794e2F807827,1
0x9D32157414b66C60c1A7B980b787A68fc661A975,1
0x9D292255ddc87532974EF5b13CB5d8C44BFcab23,1
0x9D22Fa70Ed3a31F3469cf89D4A5baBdfA7Fdd596,1
0x9d1C8EA69a9BA6897333c6B2bCA24105b74F8dA4,1
0x9d0f88F259edC587f0F405252b7C10356F3B5978,1
0x9cfDAd32f9127B87FFF03BA323bad8d2251B62bb,1
0x9cBE35f2e4CD5E4f2bcca65E676cc927a1647b9F,1
0x9Ca0F14177619Af96CA87deaC0cc19b47B2bc655,1
0x9c7430AFc305B1bde1E40875Cc508DE0824A0463,1
0x9c68DCf3dD7eb3c5AfbAeB4287E0062B21731D11,1
0x9c532267Be26a644512AE127F6b936cA51e92326,1
0x9C1C3484EbC79A5543A3aD193573eb0250756E55,1
0x9C13cC3B1CCaB3cb94f18002a3d41B6bA453e03F,1
0x9C01672bCA7C85b7D0422B8cf93A1D4794DbF08A,1
0x9be0871ed7Fb016028e92aaBC4A652dAB60B1626,1
0x9BC51282abC5e2a40C51598995ABa76b5f0202aC,1
0x9bc4a0ad8E26a292A5D9A77D18B5d61fE48F764f,1
0x9ba751201aB070f71424fF48f526B998615e3473,1
0x9b9d813768A507003C5DDE12FeF9F065D58dFA1f,1
0x9b85392f0beE3814dBe759fE32eB030AB0c7A215,1
0x9B6EE5A20EE6AD21CA8961583187056042545786,1
0x9B64206e3Ac613a26d469c85eB94fab5DAfad315,1
0x9B5697a4c360a3F5F5CfC22a4b7bdF8D3D52a4e2,1
0x9b54B85aae514b16821C961C504900BcA298c09d,1
0x9B52F9Db39d3933E3aD4000421d2946700B02001,1
0x9b399D329a3CDfB635817eC73d4117Bf3cC27a39,1
0x9B2f2518E655dBc36EEBD8f0DDf65Ad304ec767B,1
0x9B0747510AC2BF98c3dffF00f5C1ac559ffa3Fcc,1
0x9B06B71a496a11959Ff9E98F8AAc48790d3d8A84,1
0x9b045830976b783391Ec4495e33498631e4b1Bb7,1
0x9AE4F4a3efea60a1d73cb32476A8697E057473BB,1
0x9aE3144dfba59c8926081eD579602ee9D4f3225d,1
0x9aE26B3A140EdE630418dFF5F4F2f9696b56Eb66,1
0x9AC8988a97B6809C47DD8E85eF6Cf40AedFd9c9F,1
0x9aC3F604D4A4aca0b156607a7601BDc9EdE28346,1
0x9AbA646174a127D13a707922F6A2D5667A9257c6,1
0x9AB1433913C1014e2166B3c7F039D9528B1Fc540,1
0x9aADD747A65BD588b22e83898c494533823d5f58,1
0x9a967B22fe565AE8d95e430bB054D6834B549099,1
0x9A66c797e6904C4a2354C2591551585e9c4DE373,1
0x9a411E67B7497ec169244Ee90C9e9ac49D54292f,1
0x9A3C0fd932A60ddDA24E169d8aa53ac9EA12ae66,1
0x9a3b84065FA010d1BdC977d2378e162aA53B64ac,1
0x9A2baa30A0cC34201F8b9b7cCcb684F13eb9Fd3d,1
0x9A1B360DDb1Dc65b9cB790138953Ca0d26d9d24B,1
0x9a10586aA206a401Ba50A168a847686d1E500dC6,1
0x99Fa48ccEa8a38CDE6B437450fF9bBdDAFAA4Fc8,1
0x99F83eC57Fe1e09da9a20Efc00156b71826E11C6,1
0x99e65304bE704f1C8b1199554dA9F3682044190e,1
0x99E5FF5126C68294108dF8f92f9321A0D7A69d4e,1
0x99cc5AC1E0a379e0DA2D7BF1922Bee25560CEF9b,1
0x99CB34E4291e16bc625B14332D45EdfB475aBb60,1
0x99C320B2C52443ec5D39CC24962a132B54260522,1
0x99B854B7D81246970A971365461F3117b8938539,1
0x99B32a7aA5a353B42b92Fa58d7F0D1B98b2d93d5,1
0x999c01ff3172f65B115a7D4aFB7d8586b8ba21f5,1
0x999b2FE590Dcb4b6A704fA0A16263f5822D32F45,1
0x998f207845419ca45fDf25A0950d156b96bAB1fb,1
0x998c624159bB3129eF6e1338cB5547CBe37A256d,1
0x997987bEC091174B169b973739A5e4067efd011d,1
0x996892D63efc1502939dcd245192C29e825d97e5,1
0x9965e2333A1323FD37CD62d65ADf303b411A6CD6,1
0x99590e5801263DB093b9894a6B2264c6C3FB645A,1
0x994Cf01f34c51426bCB12bD30Ff7079E280E1140,1
0x994A860f9709160B32c4dB9853469DE7C4B0E981,1
0x99344B575b83360410a0E4dCe75189EdECAcc824,1
0x99309662cBFC379519De9F0c9ea67b4A0c04036a,1
0x9927b5ad0829A585B62EcC7c742e4ea47A56313c,1
0x990255C8adD901b26E177f1Ce8A9ACdeD9Af5cb2,1
0x98fb5F6244384AB5B45f3221C61e8156c98A6Dc1,1
0x98e6EB8d1b0a395C85378e1885F778Cf35De47A4,1
0x98df8f57DEacEb3cDa505C1682af669453B6bdAE,1
0x98DeE2F43682a89f1C8405ADEaadd47Ba2DE20cF,1
0x98cfDD2C32F2337a3EA8fcFE3F878Ad397da551f,1
0x98C9AE56ffBaA0090c6f5112EE4316523A1F45ec,1
0x98c9110655B01F1bc1E57eF65E52765Dd3Fd4b59,1
0x98b9cc120C3FA1c886cd7Bc2800974f290B1498c,1
0x98AFfd6521d99122940c2B17B1d832C69Ef3D913,1
0x989f4b1a8FEe5B8D93eB4682e6B9A057E067AB4B,1
0x98976fB3C164A5630a6DAF9181EC509E3437Fe7C,1
0x988Dc4D5D9f007FC68Bc2083514be8E7663496C0,1
0x98889E29Ac50D24E19976F3036F778c33E055a41,1
0x988236e5A0a27c62124D131c2B8De67189532100,1
0x98800040cAdD4fbe89c5b808b9b03344a5aA41DF,1
0x985bA318f7bDa96949E9B91fDe8523210B005E00,1
0x983a5924BC8776DDc09BcA2D561F6c2BCAf97398,1
0x9825153C83e8c5c5617D94a1BC956576b152C7a0,1
0x981808b4a50f7F33B81Fa166aaeC1bcD90c61A88,1
0x97E0a1f28c9fff064b2DF8aBbF6a5d4dB374a823,1
0x97D701C89D14fac4C8421892Eb24454ACa5C7a56,1
0x97d35D3F6B7a303B8F40C7f61Ab90CAe5Bf71acB,1
0x97ceb1160293736eBC2680f6dD2F650A4C0413ec,1
0x97C4a6D081B3a38872Af3FCFC42f031d162df332,1
0x97aA828a1e96043f3108D8d685e67234cb759362,1
0x97a7aFEEa296eB71A78Ed91DcFC23Ef42aaB2608,1
0x97a1CA841B4792068932D4224681f6F6fa22C549,1
0x9795Fb27985a5df94a61912756913B68b24213B3,1
0x9780Ee2BF2B7482eBd246cAa3fc1Ca04f9756cDd,1
0x9775d73da3B474a8b4d2cB66719c27da23F31547,1
0x97746acad994CE94367D705E9ba51B34C7747860,1
0x976Cf1186189d3B318742A98707F06A0a98C1d69,1
0x975f63B0428d13a15DeD831728d1CBd387fB10Be,1
0x975D07636e8cA4d78F77eF86cdbD5F8Cb3923b8E,1
0x9756fb60f5CfAc66cb03F4E7881468567dA91f7B,1
0x97568d242AB0233C55D992aA46cD41E7311FCc14,1
0x974e3B584a9f09B0AA0Bfa42A0DE57458C526d80,1
0x974714Ef06943Ea884FCCd304153ab8bCC8D07B5,1
0x97406456f8E924dc7dC32Db96302b6A98c421F2C,1
0x973fe58c8253782234dC35a47e18FD1452FDE26C,1
0x973eFe97a5fb054af9B71307bd9fD504B04D18a4,1
0x973E4103DBadb0424E7415a0dAdC35e6752D2248,1
0x97336F8eCe9e4bC94b43506C4c925FFba89F3Eb7,1
0x972B8Ed609d5577739cc585Bc0cCab03aEe621aF,1
0x9712ab54490dDd5491790465472327db04d0cd96,1
0x970Ae77839B21ecEbfdE87ccd1e7089BC5699675,1
0x96f5aE0afE74459b4BB5C1b190C71D060d90F35f,1
0x96f0fC287597B769536341526435420A939BE2Fe,1
0x96E854f904f000921151a965b70CbFE482C442b7,1
0x96E34B578497B9fC97979DB1a88f9a6bFd645d70,1
0x96de89d208396526E32Efe1395091cFEa37eD529,1
0x96DcB51be273b408e8d728447C4D581C9d46Be0D,1
0x96BCa503a3ae8bEb794DaD2602202BB5ECD4AAE6,1
0x96aab2750460085C921de93e5cFcEec515B8a2d3,1
0x96Aa890cE271A5457a8F4Edc637d7592200Bda72,1
0x96a87F62dB06b79D4Df52c1aEBEB5ECc3753d0A4,1
0x96A4dE98AE25f020598E491Fa3974176BA09362d,1
0x969a33201200aBDdbC61F389A6adCdfBe0C03056,1
0x96886FB915b845631f491ce74872F01814bd6E57,1
0x9679b9a1d6a734CBbF368adcdA19628FE409909A,1
0x966Fb8F75F7694282F5aA025A79e5b14A9885803,1
0x965A6258c8D58f025950582c16Fb7f1ef4b0b578,1
0x9651fC358f353524ad99Bf55fe285B1BA0Ac0ae6,1
0x964E1a2a2E3659981c70DF55041bA4Fa1eae5260,1
0x9645AE222557FE2006D4F8489E94498935aed45d,1
0x962a25dEAe45299D92Ad2580F7b124bbF2093554,1
0x95F8D55d8F69389E9bDAF55e3c17997A25DeD820,1
0x95F50Cf888dFeC90321dC376c1E695F15B081595,1
0x95dFD4fb0f901Ae162c46b4E5A7B6D7aF49fC4a5,1
0x95cce6E6AeDe203Eeb640Ab898d3b62031C9Eb52,1
0x95c8e3d73bA04b1188a12C72392f88957d2A1A11,1
0x95Ab3762c7059396AeC10536B6450B66Abac9090,1
0x95a3D5e0984A5d68Af39F9b5649B516eE0F0E98C,1
0x95968F2D5A8fC86aec6a2c93F7D28939AA408B7b,1
0x9589167DDBE4246c10e1282639710934De44A856,1
0x9587DE586DfA49CF33DD5b30679450f3f6d1Fd9a,1
0x957FFbed31ca76544b677700811a52141dd77E23,1
0x957A591c2aFD9732758652263F04e81E4b90F381,1
0x9578ef803c478c6Fa47a8433a44Cb6FeAa23b844,1
0x9575DB71C36691c04021C1C60fe38e67Ef706D1D,1
0x956b5638a9a46EA7d014c40dCa329f92F1Ff78BD,1
0x9548355f3FA3fFf884EEE128475651002AB1Aa79,1
0x953d9A5A14FcD2c9856f9bF9f0aFca955C68041f,1
0x9512c684f8D703d22A4ABBb503F9d0db19b46A09,1
0x950E8f175F559BA43Ae59224eb9e86623d72f8ab,1
0x9506fa1eA4D05d40AA1d7087cd83a8c58faeba73,1
0x95045076fC93A14a4E9B576599479cb4f58A1B11,1
0x94E8FB836fF02f863f40cbEfBc6Cd5d353C8882B,1
0x94DF8CbD95b61328E024194d5ba74b2f69f12E81,1
0x94de0A3c7cf28cB09B1F848Fd6014E311b9BBfd5,1
0x94d033944B4526Ef8F865282efD0778224b57E6B,1
0x94Cd4FF6e6e94D34632111C2851584316d782F24,1
0x94c263Ff27d352605dD3Ae557e71e76E5b63ABb1,1
0x94C1B9EB70FAB19fb34D932B3dE9C9C4AF371E90,1
0x94b44d732CFd0584f4A61085Cb7988d87685a43a,1
0x94b3B68ba71F080286DC4996Da8d40315DA3bA6A,1
0x947bf00e6c2a657CecB2e75A512eBD50dcb7c21A,1
0x946e37a500dC9f880589542403e52bA71E2A68c0,1
0x946c1e458f825E0AA810824DfAc975ad266aC825,1
0x94679e63679cf203eFaB65af187707d0EE44f9A9,1
0x944e3661DA24cb81a6CD6F9ac4Bd821864cd2033,1
0x9424Ba69499BAF28332162ef915D6449e3C38886,1
0x940Cddc7D7405C35649952135D8625b700666b9d,1
0x93f28fFA811c7A0e30B1613E41C008eED62dEBE3,1
0x93Efc77AF545ff3dc257CDb2B00dC7E37CC304D8,1
0x93e79cC5a42F12ddfe73262FFb1f9535E263b27B,1
0x93e1d5835FFBEF3e0C506C878f811A80347c0C31,1
0x93cEc1B97CcfeBf0D088801CC020421e9C4D5793,1
0x93CDBeDe328192864C54B237D6886453D253bD01,1
0x93CDb860949812849a0B3612Ac801Ac04a416c50,1
0x93B8e08a02f6b4616c279dBE30b06d50A7aE7a97,1
0x93A84aA1049a76f1644fdc9A0507031a25D928D7,1
0x939D65C9B31B7D3DE6BC93a473829A9268706dfd,1
0x9364B8dc0a6B453F5825635a822630F6B03C420C,1
0x934C33Fe74c9EDA2fCfb0baB60108DF0E3eFAF99,1
0x9348553905EDddc312738c38a91525145ffd8822,1
0x933d8c59037dAf761c8e38703AC25EC3629F9fC2,1
0x9333c471fb0aBb0A189189933bfC0D1A4584c9f7,1
0x932419B2c9Add1E0cCe3A6AB06fBbb728Ae0585d,1
0x93143283607AB9542088FC89e62413eEFb32D120,1
0x92Fa8B7Cc084C3696D5f8FDc0eb7b71Dd20391d0,1
0x92f526FdDE39dD8B1D421113417fadDd18baA8b3,1
0x92f3C7b9ED0d546741B9b87717d7F9b2A78f3501,1
0x92F28d5dCa9a92238067cF8864aE572fb38ad81B,1
0x92f092d7c8540F97b61c28Aa9B8c14C3e42922cE,1
0x92E347b0D8003DB75AAA7483c800b2819796b8Cc,1
0x92dD7a75DEB882e2dD6b9915dEDAF1d4e1d0310b,1
0x92D3bcA54b67E5d1928Df5Fca0bCE260d46aa6FD,1
0x92D2691856D63291B56029E597e4CFC08b51E120,1
0x92C3B824f08F2fC046D573803f8e170C1A381Dff,1
0x92b4BD5EfA8423Ce1c447EB64F0F8ffe059d590E,1
0x92b1c0F25F5aC9C1546a877Bd4f5c20c4023C8F4,1
0x9285DB887910Adba250cB14577699F8B3042c3F2,1
0x9277427FaeCDb247214F5b8d817E7139688bC860,1
0x92616db33B534E8F2C5281396cB9C1dD88470365,1
0x9216Ee2D2767b0BcCf79940a76CD3eCF07097eC6,1
0x9213b79BbC87b2786C1e1Ef48435FbF5eF24dc2D,1
0x91F684d70ced2D9789b1AA89F996b55EaF05eE8a,1
0x91e6457dA158c733E087E8e37779f59f0868896b,1
0x91c39732b09C836978cAa74863de23F853e12440,1
0x91B61a1f188387A54F955FE54aF1d966E10331Dc,1
0x919Ae967b491AFE11B622CDC5a18C339F7412E0A,1
0x91975cF68513da440ea6F8E6157C53326c89CADF,1
0x9189f72eD437D8CC776Bed810DA51cD1e4a21E39,1
0x918048E798D66127543EE7850ac74CC7A5B62098,1
0x916D3Ce2F54eDB14EF9500f761598Cd6E459422E,1
0x9167c577BE558430Cc2AB2610E970fd005810E41,1
0x91634D53C4Ac7c017aFa013E3acFa8fE821c189D,1
0x916308fC74a7b2237B13413907ed60989F9F9254,1
0x915D72Fd6Cf53c34D6b7C238be60a79d5214C452,1
0x914c2a417eE98Ad43aDB4cE6DF4631c4007CDF75,1
0x9144069955d7B8835CE9d41260d41DDc4D36E417,1
0x914249Db8f1e1903b432E1AF075d35c82560b262,1
0x912e96Da54d47489EAc3C47Bbfbb8484d9fd43e1,1
0x912C0c891a4029C9F8A173C1AfEF19e473B675Dd,1
0x91207C0bAa666f84b694eC4d63a08C6c810bB80f,1
0x911c6deFF86EEb1B5f6CD58a89d4054DD6F30673,1
0x911a205528c54d8B0358d4B3b587EE23F9443a73,1
0x91156aAEB018a47269D9a5Da86b33753FF51b7C9,1
0x9111775eee5853787D27d0c12a36cfB09899eb06,1
0x910DEDBFf58c4d39967bff0f9e89b1A3A2518f93,1
0x910D3abBA4ed9b8CD158307C7f641e5aDeDb32c1,1
0x9103E8986fc67d25d548f3d71AF5E41a76c60F56,1
0x90Feb9F78F66981269D932eD20cD7a8fB4D1a799,1
0x90FDfB43565DE146Fc3B48F29F63b467E11764E4,1
0x90ec745B0c0C825539C3Ca9d1e8305A2EF1b76B2,1
0x90cE9053b35E6432fA3e641709d3f010B7d442ff,1
0x90A343498063661F425fF26bAF25Ca4F2F64521C,1
0x908feA3551A7f86F78AaDf24A67b83C17Cb88A66,1
0x908b612b887f5f2dbd2F0759947555F6A9000F7c,1
0x90842393aAF870c2ec6be8f2130345913E199723,1
0x907a2e97560d4Cb5b0ADe80633388F7eAAcD52Ca,1
0x9054D405e55Dc35621d550003a0e23bFC3f063cb,1
0x901E9F0EcB26B88d792D464b852739dfde81aD18,1
0x9008DE0d3e0D624CF6a426Be5704171a57027FA3,1
0x8FE7cbeF7F36816c260eE69d34FE5846D86c1934,1
0x8fe6B7643337404aeb4b3ecAeb47FE3D463bcb77,1
0x8FD7E8b6d238390C107C17124f5B9743bcdEE61B,1
0x8Fc642d66492C830dA43D95da7fE3F027F4F3246,1
0x8FbFB39890510e2785d94fAf14D783163C44B14F,1
0x8Fb9eA99561109B44f961868cb78125cfF882c9a,1
0x8F9cBec35c44d600a54939290fbBaC927bf4Df3F,1
0x8F98f993bBCb1E08fC52f8b5b24f9174F0d26766,1
0x8F791c0592Db171D84167D10Baa70Fd6DD26705C,1
0x8F626958EC428d258f6481B563126640f8aEf54e,1
0x8f59dB520ddC28DA1399522018651DF74EbB7901,1
0x8F4f87c66d31D2596B07c706be5d5FA3184E9308,1
0x8f3472B06A1cD2Fc40E1d89F24484408107c2E7d,1
0x8f33c5d444387a1cb3ffcF4e9d66fbccabbf7414,1
0x8f32fcF79be6EfE7a8353447E2756806e2ca87e2,1
0x8f327e6D83402C838454DFE50b310AC1926a0dcd,1
0x8F2f43CC6f87ff8E5983ec459DaC5D65f13882cD,1
0x8f2c0f09F5135312772145a49e633eAc05CFbb93,1
0x8f160ceC7BC8ac59F77E6F0fCE3c02D2dECEF6b7,1
0x8EfDa3c67d8F949BE895285eB379aC90B7A1D241,1
0x8EE4F89DFde16667da5EED7C4Aae794176D61ec1,1
0x8edb89daBbc93a9Dd6c62D45E5a53B5C33E386D2,1
0x8eD3D0bB5757FDCA32B0e40470E20d7FCA958BDE,1
0x8ECE94b42C3f058A9DF45eFB76e16E221a39Ceaf,1
0x8ec66726D868Aa14E83985F592E11f36a32F536B,1
0x8EB8df6226c374fB28EaAdd58b661B0CFeBEDa91,1
0x8E730d255b63EB1eDe782D5D25f1A586a8673f8f,1
0x8e5729E8A3AFf49FcF5Fc889D0943d38e3691070,1
0x8e521B4Cbb7AA6b22b84686e71071295E96b6c5a,1
0x8e4Bb131988A824A90C62A347D16c20317d34EF8,1
0x8e4a1c3312f8445BD335907a93bB0D9A4A0D7AfF,1
0x8E4992b2f504B2B5149FAB3532e3Eda40E1b3f58,1
0x8E0da9865A8B2EE06921B877222DABE4c4d3D8d9,1
0x8E055A7cCDce910C256a36585f5f929d2C889a1a,1
0x8DF531Bbe86e3aE4Bb107690B7e09478661Ecff7,1
0x8dafc11Be620d183DFf019bde98d8b96db395cF5,1
0x8da3b626aB6e3795D0f71010e481947E0C864A1B,1
0x8dA0a4579E539847F1C8325bfaD286CE40c567cd,1
0x8d834919956aF4f696F729bdCAba61c9F16529F5,1
0x8d2778C45e71fF8a65d429b867f3F52B599b3199,1
0x8d20B2e07A13D5E4D0849ac412CA3A67a549a4c6,1
0x8D17851c043dd69EE8ba1e68fB8300B80e8E7Bb4,1
0x8d16ba0AF5EFdDba108c2530AAb1CC2123238cE0,1
0x8d14Af59596B7651851bC587343b2401F6e520E2,1
0x8d02c0B5c07C59A47E1dFf59196b2d30f0554701,1
0x8CE6cfaf70944342cEd93E9F01e5BF85959c8308,1
0x8CE47862E0Fb30aa854596F857735700f3Aa9167,1
0x8Cdab9E2C25529C4dE1f973f50E10bAa84542b85,1
0x8cDA80226Bc8AD25C36A4e4C6c8633F0Ee6787b2,1
0x8cCF0948fE3b583FeEE260c69ADA041c78a917d5,1
0x8Ccb8d6f6222568D03C138cbC6958782F0BC5411,1
0x8Cc0de6dbaAb9EB30Acd4660eE1064a028Cb097d,1
0x8cB71ceC028CCb62A88A89364884D1df5C0C5273,1
0x8Cb55fceDc8264a0431F3B954560ebDDa86fEBD4,1
0x8ca1Cd24Bd7A2386f523C36832D25E468072101a,1
0x8C9aC49Bcd62378b02c76347092ead0d8926FA57,1
0x8C9422d475955723F62a7Cc022dCfF3da45D7478,1
0x8C7C71Dd0b57FE1caE273a1f7744dD73c3830734,1
0x8C6439A41A2A77Ed077ab2bff0d20157a44Eb407,1
0x8c640f57942acc9C17eB22cb0986A7b43B7d87C6,1
0x8C587DB57d05C086177233D3BCB25a7739419c71,1
0x8C4203C94aBc055b0435dd9F666Ac19Ba71B4791,1
0x8c2dF3Afc4d634D266132a3269061f8237da3387,1
0x8c281e7806B6734fDEe29D453021768aF608633F,1
0x8C274691148A6850a88dE7DEc50C60BDBD771AE9,1
0x8C1D7616EAc9dcbE1166F063a6B419Ad61E77a71,1
0x8C0FCbF9C406bc8173848dc36e1E6746B20a5256,1
0x8BEC65bd6548128d90b4B2665977E0327b2A4E61,1
0x8be83c217b56F94D86D55BBb5E321DCF8bA9657C,1
0x8BE3521dcEf6C4eb4b8fa537a4Bd84Af7a4bA5d4,1
0x8BD90Af545D8C2f82d8DC0acEa059116F9E17675,1
0x8bC1Ea0eCda61A23a070F7C3F317e9BB2b3Ad8BA,1
0x8BAc8CA13072fFFF6Ae3ee2ADF09737Dcc1e83A1,1
0x8B9FD6C0Bc051a0B5ecBdD20b8fa4443C53B88Fb,1
0x8B9Cc341084337c0A5828BC0D5E20dADB197d991,1
0x8b8B912dF962d0E932b716819b89De1c0719544f,1
0x8B83A50E94219821232E962B47C8eD526de71Ebe,1
0x8B79FB6306998814e3A36967bE53C2d852aad042,1
0x8b773F2e3aA7F9D64CB93a95A0b42829D6Bad7E3,1
0x8b5B54634D0F798A9a7f90D57B1e99aC54219149,1
0x8B530f3999091435b8C18bBc3c6cA3bC35647453,1
0x8B3F5679cdB43a18D43cfa172B1207Cbe5A54cE4,1
0x8b3e618953314e20f3CbFce86B9b6f8Ea617ef3B,1
0x8B39650e2Edb8a73c286dBa8FF8d6B1D05C320ED,1
0x8b228A08f8038C08940204245f668D485A6054b8,1
0x8AF8a14e68998C49cf083FB60A4b415afe05b04b,1
0x8Ade80E9c115E28aB0F6277a650BC69A9b3B232F,1
0x8aC0a9d46569c617F84af5F5028FD1e4E373D24F,1
0x8aBc16e919C61D5863b34F920dfb4Dc4a97bF036,1
0x8aA192f1e2523ed09b32638b16585Fb14903f1f4,1
0x8Aa18f523655012858E58c33C702C0FD70E9dc1B,1
0x8A90862640E6A73D8a1E2429D78BA55a79cEd1D4,1
0x8a840A9eA966f9C35FAC96EA41358C906CaB486A,1
0x8a82C8a5b7520421817b414784e23ba3d5Da808F,1
0x8A616715e838c821D7bFc98A91cc18AbDb58fe71,1
0x8A5b7226da2047cab7a9Ea7b9c53B8530199Cd53,1
0x8A50dEB4AA603BdbDeA9c99e204518cA23b71D2a,1
0x8A34Ecf39A9b129eA01BA351B9b350cbbe06f434,1
0x8A26E9C977f8a18C8c0Fa23A25A9Cc1B2f461698,1
0x8A04d8bBE42240f2512703f2d55a5edEB25D4948,1
0x89DBa73C7b524EEC71B4F60e21E775951Dd2FBB7,1
0x89d8c83925eC1Da8ab4ae3Ef7AF7bf561E054A51,1
0x89d5fe24B8D7EC0DDf9b6D3A10F66B80cbAa54c5,1
0x89CA68787ec401CB2091A3122bEc70530B93D3B5,1
0x89C5B5Eed247b9CAE343fD28A51a74a88bD5F1aE,1
0x89c179909eE90F62E8Cac7F317C04c3a64D6feaa,1
0x89c1151cA988ca5372b569A30d24964A94Ad05FD,1
0x8993404849e91636076d65BB5F663B2FDB8b055C,1
0x8984A8Bb86D8d44e228fb147E25439dDEfC835f6,1
0x897A0058D53a02e655a188d228f0DBef29c778Ea,1
0x893327ef6aF0b39665B649ae36f37e1142a19a01,1
0x892cd5104290eB0747C9e206bAffD74eebd9DB26,1
0x89249F352EdD0b4e45E7e90f1CAD69460F27bD55,1
0x891D34b8381847Bbf99660130CaA84106605d416,1
0x891C3A71baC6ed3BB283833FeeB3D90FA27Ee006,1
0x88f7Bc37a4D4C4a1D5C34560E52e68829C58c966,1
0x88dAfd252a47b91CBbf1a43F7AAE449076c06328,1
0x88d5932824113857a121394Fd2fC433865de4d77,1
0x88c846e8C51271390822aaD661F9fB33d9229783,1
0x88c3cDf79F47Ab7Af8eFCB081771487fF13bF029,1
0x888aceD67f19aA50E9DD852fE69f23027b2F096d,1
0x8886567678158654f8d664b5507bB112cCdD2017,1
0x8878c237D2bFD0506fcb087A0360ec57CF141348,1
0x88653802EE379770C5cD57D3af1969033F6251CC,1
0x88642a6c578132dC5934Be1c7bB76D8Fe6b38a7f,1
0x88636AB40A140E585E50842BD582cf0AcebAa20D,1
0x884eFF4a9ae6A5b6A4D5ffb8658D69079Bd10e86,1
0x8842D0fb569A8b46960E349A364C17fDA8713942,1
0x883d129BE60357378e3d4c536cf001D548671158,1
0x88398Dac284753fc651CD475b42aa507413F4Fd2,1
0x8837346A4408c57683C564bADdA3318863F41685,1
0x8823fE3cfe60b19d69146AF848dfe0A1612352f9,1
0x881E45c2461Ff3CDddeED76487Ca61F714827738,1
0x8810f916EEC8F5B2208f71c471594cB635cF9C75,1
0x880E9659A0bCdcF76380f52B3b4BEeFd988f8946,1
0x87ffEeE740C9A7E4C457b06DD0f12fa3B1972aCC,1
0x87e48F7561Df1836269bd718f1187dD48DacEf4f,1
0x87Df0a4025e2a7cAd1a2b9dE8eA30a634e5e4b0a,1
0x87dE0e75af8669D3673E8D276E823ADb3168d872,1
0x87ccE3b4f8D973998f0638c7b545d19387466f0D,1
0x87C5885eF2027B42D2E7F2F683F1E01B3999D498,1
0x87c1dD79107f8f3Df27212115eF5cD55C6D29E6c,1
0x87B767168292BF22a09B1A5f52320F5f496F4E7d,1
0x87b7086009fca5c905F0df66b62aFF15af7DDFF0,1
0x879cfb635721185D37d438057A40c779e23f1aFd,1
0x878347763AAf08C11599FC1Ac9AD325a32A0aa7b,1
0x877902134b4503aa0A5a29259961Fa536A14f01a,1
0x877890628f38B4653Db758c62C02489d8466caF4,1
0x87727bBD702F7c5fD31A415BF0459A524b4B13c1,1
0x8752a030002621a11442bcc9723eCe8605E24786,1
0x8715dF83Cbeb900fb442d757B9787b3A093B1326,1
0x871506D4326c9ABDD49f92c45F0a888478BF429D,1
0x870485C276157aEE5660Fcb67585c34d2Ed3B506,1
0x86e2Ed451080CEFB115fF0eF65198228A694E391,1
0x86D7933192B1fAccb62dB1e893dfe25D1e2104A7,1
0x86d55A7c9E70ba692b9B9b8460f354034f9Ec896,1
0x86D4E7170180F0C9BeE88306e9972eB74d1398ba,1
0x86CF7A9d914AB0b6Bb8B570353FB2af1eE69aAe1,1
0x86cD09ae3b34A79bfD7bAB43C4Eabb68BEBc396f,1
0x86C3C5BCEa06313c073CBBCEf6220e7c126aDdFA,1
0x86c16F44BC75851a9E2E16e28366aDD78169fEA9,1
0x86BD8442650eE4bEA2eC3820601b3Bb1Db3eC495,1
0x86b98212B8722e8946B6e55A0aB32C9B577626C7,1
0x866F98E4d2B0742110cd674214767140477BB342,1
0x86673120A511d0a2F9f8eB96A71C2Aca29962e85,1
0x8659dEB524a9B61B36B47Cd43788213f18E0c09C,1
0x8655eF350aa696F9893Ba930a3e373d1120225c2,1
0x864bA9dd2ee6701F8F2cFFf4BB5c96Bc5A61D312,1
0x864B61f2901e9Ef87DE8Aa7bad2DB5833CE3dA5D,1
0x860fEfE7c2e1cEA51Bc0cAe079237d5eF183945e,1
0x860a9995CC054CbAB9590fEc91e36Bc1801B7767,1
0x86059AB6da52FA2EEB3162Bd20D6C1Dd370690bB,1
0x85D2B9C04Ad9faeBc33Ee91fAFA6109beB59C4bb,1
0x85c4cDbBe7cbb7eEcecA0F835E66451De5a61D1C,1
0x85a930E5c0C59E557F680CbF3fEC8FA56FB3d657,1
0x859127496b4bfDA3F753e25FFaDb0e9246Cb301A,1
0x858F09336b4EB24076D4cC46fa932832dD8FC13C,1
0x85720374aA8D1B035D6dB9277D68ab33612c6Ffb,1
0x856d66fbe98DfE4D3B8cE736da607Ade1f3CDDc5,1
0x8569bd2c1fC82512d6C246Af39225c18acE195B9,1
0x8562e4199743671322652dd7955920D7bB0FD372,1
0x856198cAe215482abBfc1128379505BFF1e0A8f0,1
0x8554569371Dba16613dFd2a02EA8dCc295669968,1
0x854dB5c41419A42967DE4eC6A47C011b28B227eB,1
0x854C5c62F52af47A78Da8aC371677418DfDb6135,1
0x854759239C4B9d1803718F39Ca9b40860d78Cb76,1
0x85376Bf7036c0718Da4E21e36686212C5efcedD2,1
0x85341f005fC2F18F161410DCb55628a2f3199b0c,1
0x852B08Fa0F66b841049413386955D4f0E04012cf,1
0x84F0D06465E8c618d8B120257f9F165Cc85d8A0c,1
0x84c9c7dc5091AD2cd6a196Cd86581D3A71D551fA,1
0x84c522E92bd2b4Cf16d6768255b5e35E1a6Cf0EE,1
0x84be480Ee32f01E59D60D42Cd6574D53Dc4dC412,1
0x84Aa46395030fAdC28490E55917731784Ee6bF77,1
0x8498843f6D9046f7b59482978E152D61869203bC,1
0x8479A141234eD2cC3e2b6a8218BF85465E59b830,1
0x846BeF8D0FbE98f7C74a0Ad53f8DEcC8c10d40D0,1
0x8460ec489834B7Bc4e4E84e51D7F109c9991B09B,1
0x8450A7852495DaFe063C3E436d0750698777965C,1
0x844AFc92715fc04D0dc920b0cA2f31b9963aF6AA,1
0x843fdD402952dA6E170497e40bCaDCCf704E1320,1
0x8439a3B6ed9cF3771Ba4b91C2812316a209ec194,1
0x8430Ca2F88e8DcE887E6F6035eF2ee549590b459,1
0x8425D4838e83F2cEd36A0c44b71A7Eb46a1b0b33,1
0x841AD0AbAb2D33520ca236A2F5D8b038adDc12BA,1
0x840B2FeD6152F60A5c87cc0D6BF43AF55456B02C,1
0x840017e3e970914Ab42dd6e87f7F435596707271,1
0x83ED0969DB692D47e801Ed9dd93afb0755be2641,1
0x83E927728363af35B59ed41c5e41614174C4Cf42,1
0x83DB77A8CDF334a40196B0c60EdA7614BA038920,1
0x83D8a7dE44Dd4CDe7bDa4110Ef42f74a7ec23b81,1
0x83D57eEb5C7907DbE321b1C6D522828A5Dd30E05,1
0x83b53C5BB5860D8fFADba98F3156AdBa5678bA31,1
0x83B0C326f3cbFaE5D751e6681CA68225aaBCe98E,1
0x83A41F86889D9e62d12b61523200c9c671f094a0,1
0x839b96C61577E73E4E009844695991a5b7bd3Da0,1
0x837E3405b5A11aF3fa4Ec7D4aFe1C9f04693B141,1
0x8375aB036D85bCb70753E6274865ff21C53941B3,1
0x8369c371F81f71D30E6D40a7Fd62d4cf2A3Fb69D,1
0x8361dF206daAcF7592184CAC9885fE0B1Af75160,1
0x835c14351f1f9B67c45996bF2f0956ED981BDb97,1
0x8341c4106523b49fc247f84e412Bb2AF5597038f,1
0x831D9794bA02A2fA81cAEf8202dff99030cf0415,1
0x831cd06A428e25A1e4D08f52AD2a90a4cb8A2010,1
0x831b62341047b89Ae913f6BeBFcF71F2900A4c35,1
0x830F4c15480AA516a0Cc4826902443936f9596cF,1
0x830862F98399520f351273B12FD3C622a226bDfE,1
0x830540B0750350b0e17c377c1Cc56b19b7AF4885,1
0x830467918947C98A47381c3F171A91B475596F2F,1
0x82ff248544b6C818adfcb8b54508A4C8EA11960E,1
0x82F91ab95dD830706ceC0690D790A4ceF23d209C,1
0x82F4F85D5a9D2D2Ec3300737BEa4088d1842D7E8,1
0x82f35049642a9C4D6652992f4f9a41E069FE0962,1
0x82F03A90481D59Fba9008D0F35e626224AC1f196,1
0x82eB32438c984c8F8D3467F10f231c32dC1104fe,1
0x82E31888825A2ec4C8A38b3c597307D8B36D9B8E,1
0x82e08b0c0cDb448718051e385c979c3f0a455fd8,1
0x82D67B868Fd94cC948BDb24bE7373B052876D8ed,1
0x82d4830560c511ee7260a68f10d91514969f4511,1
0x82B97FE157c390fD334C1AaeBC767113CaFA2154,1
0x829EcEa7260709Bc62f0468F8ac55E87fEfC3A29,1
0x8296CF8760727fE35442A9aC36Befa36aC9BCE94,1
0x828AE2080d961CfFF81e418089f1D01C08E6713F,1
0x8288090F6016BD90Dc234fC619bAEAA6bA031Ba6,1
0x82834CEA43BCE1A2077B1913452d50Cf1bfeCe25,1
0x827ed106dA24ca8a8aA16BFe78f5e89b171f4062,1
0x825476f525B29AB9D3914fFF7d16FE90cc44fbEa,1
0x824ff7e44653E3262fd144d15582125E77345647,1
0x8249A1e718618d7c98Ec7625B7Ac493B53F0f0b6,1
0x823fD1Be32F482cC70B61c21c4D6a7CB92C4E168,1
0x823500Afc1BC9013D0FF9e50de804590CB1BC801,1
0x822538Bf9938F9D64243b3EF212C8acf61dC252A,1
0x82151B5F5f90e759903Defd1C26C2F5cb2698aA6,1
0x821221842fD8c25f124165DF51a684A1C433f36E,1
0x82114dC91D2D3F285c136Fd86ef615e37D556CF1,1
0x8205E83E3eCda4d72Fed34AD9D7bC989d9B91085,1
0x8202AF33F15535Cb70CC705C0D1D03170b3be066,1
0x81F5955b74DdB26061dB2193BB8B3D981238B118,1
0x81F10d99464d604EA1E9242DC71733a506E95b4e,1
0x81Ed40511fA176364e022ba89afF568B5238830A,1
0x81e60E3e0EbB7d642F76Ca7805aA41e608304119,1
0x81Df4bdC5f78e4D2486C7C9C46ef9Fd9765AadAA,1
0x81Dc8Df14b7095e45E2885239a4711E81d6E2aA7,1
0x81dC62aeF562BD94773793c36511d0764942C672,1
0x81d153f4d3eAe90798eFEB91fB7b5A5Eae0c2501,1
0x81CA1b311b336e95F78DAb01e9383Bf4Ec582335,1
0x81Ba93B26bCe8cA5d649B6607DF15E6D45462D8F,1
0x817A322D652Ad609986c56EeBD3375fb9F0462A2,1
0x81747d3c01C5542F42CCB1161BE6f859Cf904AF6,1
0x8164C1E351C95818CFB07673028462fa574b36F6,1
0x815856ea1345baFf6B7652fdAB20D04253B1465B,1
0x815611Ea3F076C2f0D5E5742431EF16CCA577967,1
0x813dBB12Aa24B58C1b5408316EC671446EB9a9bE,1
0x813A6a50D649380b444180057168FdD9fCFfF6da,1
0x81379Fa583ABc6fDD00eECbB85cf3334fBfCD616,1
0x8129AB64D6A32aA3369a2B5eDd9e7D795eB0D3a6,1
0x810F97bA4b071AA9c0469E79dcf71F6eaE540777,1
0x810e549aecCB3deca06adf3569312183d8Ec0401,1
0x80fe121B69163E17bd4e9CC573652e29E48fa4ae,1
0x80f664cd80b5e5177bb820020b8001f991052A90,1
0x80E8F298069CbE363cF8c16091D37171fd30A247,1
0x80dd39eb6B3bbbBfcCF5717b0A9708bc2809288b,1
0x80bCB704d6FF46e2BC809a124979B22161229d98,1
0x80903C4DbC74AE9744Db4eD26baC7DAD329077CA,1
0x808686b80B40Ed29f1A7d776764678041246A50D,1
0x807ed8405211A02C88b70E5A8CCc7E112A36b212,1
0x807d1511dA7F79F014E760862F64874BF47D5323,1
0x806CeB343C457d770fe22B492212cF383c2F1F5F,1
0x806Ac74a2dd96e18508F2E86EB1fb9AC2056A93e,1
0x8068BD398396B060d820745FDE9C545a38bb776d,1
0x8025C1C92c4E4e00DfFA56f7E06C3CCE655EC6a3,1
0x8008C76d9d9484b6Af5d53B7426b1c84A63dbfE4,1
0x8002109D0CdD2Fcc0C450904DB8Ee25E680ECA9A,1
0x7fdfEb80A18BC30604090DeFB5Bb53206e7E2c4a,1
0x7fCE4a3E10C70740a05B48fD0B11Ff4DeF2917F7,1
0x7fCbefaE32efde50630e91B8B2346887838a7fbD,1
0x7fad11f0dAD454113c3C49aB640Db938Ebd22185,1
0x7FA81c24270e1A50731a36C4196c04B5207BdD6F,1
0x7fA1dA4C8Bd01566f3A6a8519378721e4F512719,1
0x7F9C99d68eA60c59b6b852AE4cC58015da13160F,1
0x7F9C827d0cE70F88E3E562848d1DF89fC382A2De,1
0x7F97F1e1173741F971565779CBdEeDA97D60d164,1
0x7F8fb7cc678a15EAEb78283a87276bAD8916EA60,1
0x7F7835Dfe1f050f48597380551d5d2eF792d50Bf,1
0x7f6D50B20f80B8B83be549c0BF035F83dD3C4CD2,1
0x7F68216E123F2bfE9ED4EE9a296f761D55a80143,1
0x7F04819C4a956436dbd0a10A8F980bc4E0b5138e,1
0x7F008F240833836e1b6A7fb9358F66c369E8E4A1,1
0x7efB596E6958E33c7D74Ab73D5aa4817Ff58D182,1
0x7EEff8d849519bE5380DD6E52136030b4cD1696E,1
0x7eeceC816634579BDA02598892205661653D5173,1
0x7EE86e68A0894287E231457E61992C7a30B7Ed55,1
0x7eE0F0dCE89a6130214507C55586D03fAC9640dC,1
0x7eDC9f71Ea42c6AB5cB5D7A7a657943bE053DA0f,1
0x7ed622524545dDC021b580ac4fdf7525DEb77c9c,1
0x7ecB9B1A716298a9396591c8142f6F135334EFbf,1
0x7Ec7b13C6b80071c0aC5d1864Fc4ba53Db93939f,1
0x7e999393c6b75b289e14CB40a93420E382792f11,1
0x7E939785E4202d42D22187292328Dc9FF3025D97,1
0x7e8e89B11A2F4bC51b10f982bC2E83a340a6C6B7,1
0x7E8d2190dde46f666Ec7E578611B5728DBeaFc1a,1
0x7e792739dcd9c9b04a5421F7a6Ab69493262E5ba,1
0x7e6D8BCA8f505cd09822B0986290E895217C9D9D,1
0x7e664751E1ef6302415De13d4ba69DE385ec8ffD,1
0x7e5cE10826eE167de897D262fCC9976F609ECd2B,1
0x7E5710900adbF34C7509a83fEbe0bD050cf81654,1
0x7E51D494851712bCe93F594466B58974e392297D,1
0x7e5104E4ff42CAD6Fa3c5476631893A84eB21AC7,1
0x7e1B9a73A1dEAA3fdFAf80a3C3A545936d79Eda5,1
0x7E0E4f9d1d1CB91AaEFE19A8aC7F4025B27150FE,1
0x7e0A5DD65Ce82638E73d2239538078D28C2a9029,1
0x7E0762D1dAEC768b4DBfDd8a0A90c6520d685971,1
0x7e05389332c929778C8807DDb3b896190DA36d7E,1
0x7Dfd71b25AA04782F3771969c17374dAE6820467,1
0x7dDBECeEe84eb1ddA7D626893B156e6Dc9f906B5,1
0x7DD275BDAaD559eAD75f63F19aE01e84073b21be,1
0x7dcF46fA4fC7CD89de5fD534F9833Cb8Da1E37fb,1
0x7dC3E945238fdB44936eEbe654422A83bdf5D9fF,1
0x7dBfD41A4820D667D35C70C0514240b37a99066a,1
0x7d9DAe7933cF1647CB2B3Eb80CC5D1F8405AC6b2,1
0x7d92C91482E41DA910740986bfBeE9856CCcB21b,1
0x7D82793e39aC007010787A56f60eBC17592818b3,1
0x7D691027e283B2Fb65d72D1ebadfAA2495640F18,1
0x7D4De1c57f14E2789b376276a683a72e51a87165,1
0x7D3E85B85F4710dF15C9b93BDaA289c3d75b969C,1
0x7D0E096c7cC8294c6ff344313565d1363F58B136,1
0x7D0a393c746831598eb418a004Ba38d987D2a831,1
0x7D043EdC86eAB4735257e270eeC726C535fd1FDd,1
0x7cc6a93A60BdFaC4a38C5F6c9FF2f368225a2B95,1
0x7cBB8E9080606E6c37d6d8bdfd9B852922c18cdD,1
0x7cBB38373ace7071fF74Ee5391F2FA75bD2A0886,1
0x7cB79864170d35c82EEae2BFd5e747325367A54B,1
0x7C91a16b8Dc7820B1cbCe2065E2752b1795DCF4B,1
0x7c84fB99421f76cC2467f51091c1147096359e36,1
0x7C848E96645bCfd1Cc5Edf6CC6d243C945bdB180,1
0x7C727033365aEaAA2d0909BFbEA991c5FA6D904a,1
0x7C62AdA8Cf578dC9227f4a081618cB02d868b4FE,1
0x7c45FB10a18f834a47cc3F470E97140A399B6AF8,1
0x7C405a46Aea585029FF9ff6a254792F266e13559,1
0x7C364bbF584df79929888f320c0559f714992330,1
0x7C1DB8f7df7e381823F3922Ea1190244bE7f5B04,1
0x7c16fDe2C7573956B5a37F44e9C375666c9d1Fe1,1
0x7c0CCeD07503bBd218563ad5fC311a91D0D91614,1
0x7C07162e7a709366c0F3b9953e71135acc1A18bc,1
0x7c0287A390B77561637C4A542c27C8cbE3B0C68F,1
0x7c01f0DCF6132326B6B720E5A51B5e88Bf9fDB21,1
0x7bec87d012D0C70C8d0327F57A849378cF1Daa64,1
0x7Be19c4724F14dE4a9765A749CA36DcC0E18620F,1
0x7bCb9f796583a27beF20215aE9aE8a128ba57565,1
0x7bc92c012Ce5494ED9813Df4194416F3E5ec0581,1
0x7BC16b5E7531a1720cceae3Cd74CfEFb24FFe4c7,1
0x7B861609F4f5977997A6478B09d81A7256d6c748,1
0x7B84d9d10A4Ae182666240ebf98CbCE37Ef8C46d,1
0x7B8068Bc2d66a22c59b1e97D4ca6eE3e2d159e5F,1
0x7b7205b3e7B3544Ae44b392f0E005B7D725BB521,1
0x7b6Ed17fA5D93502Dd1Dd9C007466368DDC0206d,1
0x7B687aae77f59da3427666FAE4d5cB43E623BA3f,1
0x7B60da340Da8350cB2525779E62E1Bc9B726002d,1
0x7B556623F79D0d2a79541D191efbEf2970196e44,1
0x7b41D71ef5b5e1Cd1134f6364963e73b1eDe0519,1
0x7B2bC335596be0D1885a58082c4f0F6D85e3bdb5,1
0x7B1Db131C0Bb0Eb31162DdBfe2D4eb2AF6F84854,1
0x7b0F0FB143AacFFe2a91ac178526691C32Ac9C4e,1
0x7AF8Cc53A41A6CF454A782149E997510E9c64B08,1
0x7Ae9F39627AE525b350bA6c49Fb1d7A8e647142A,1
0x7AE79bB3B54880F2A89e1C72B02489fBAf316b62,1
0x7Ae0f2cc4A14923fb14b354f44512889259AA138,1
0x7aDA3Cd534DF8Dc4121c770555B56CA8E528619e,1
0x7AD4eD3ef1EfEb3b1937e659de6e63e893B70160,1
0x7ad0eB6d772228595cf87E58010D068F275ca2d4,1
0x7aC9C9135de57041095103d2aA8B5Be31B9aa415,1
0x7aC8C90b1B2ed0f666bD2DF52995B2De215B9D88,1
0x7aBB334fd82456f77216dA59271e6c462Cb7c5E4,1
0x7aB9c30529a48F7a1Dcfa7D1C29896003AC95bEE,1
0x7AB0F85E2de9c89629ADb874a5CF0Ad33B3A6912,1
0x7A9f3a0C7229f9EB5dCddc503E604fFC204F4350,1
0x7A9C68d1ffD4Ef4C678C4918807B2C10E65f480d,1
0x7A9208a793C538f3c131B06847f7Fe1c8854f4d0,1
0x7A899a88A91de86c95626cD8ea4FaCe78bD5F3c0,1
0x7a763025d907804Cd14108bB02Cf803E70F599bf,1
0x7A600272E3c82fEE95C9558119317CF71344EFf4,1
0x7A5361423Ec75d740D5E011bb4c9f2088F79E785,1
0x7a40002F9A331E2a136c1995B630009e9753E486,1
0x7a3aF90701d9bFF4EF8A9e16bf326D29C9852fB8,1
0x7A232b4cF68704232D4Fe417eEFDF24c0FCB8F4F,1
0x7a1D40351B244F77F50D32ab86419fa9FE5A73c3,1
0x7A0AbB4165F16125376CE575FAaC0B6727A4126A,1
0x79eA35b44ab7210b469E906F4ee7Bdd27deA65B3,1
0x79Cc3b429bb38E55B0612046182DAc5010a04Dbf,1
0x79c7033fA1c81E9CBfe989542412704bEA93659c,1
0x79C39C34BbE7C31f8dC0c9e60F307f32499176c6,1
0x79bA78b5528C633032898Ac20944ff6f8244c1De,1
0x79b50e3AEa262fB52fB4f15bE685C75513a27628,1
0x79B4aded3f376C60cC4392b2641404402003213D,1
0x79B18c93B95BA4143847D75774Fae67b09068eE4,1
0x798e82DAF1353fb126C668A81B1Fa1f0feAcb870,1
0x7987811584C27fb03c615f4165E487B6D9945d64,1
0x797F392d21e9Fd0710cedd5298Bb19Cc4390A4c4,1
0x7962D24d434C8b9863968DA1FBE0D9B6eFdf59E5,1
0x793625d47087D55f1F1F29eb94d589C199A1D128,1
0x7935455A42a95C1C141c33f97fea7889505484F0,1
0x79194109F81a1D3Dc776b1E052f4Ca463c058528,1
0x78FDE30585153202002431490A5765094702C0FF,1
0x78F82e3dd58782b1e003CFb5E15B85608640F89F,1
0x78f69931e3d377543Bfc11F30b41960377448367,1
0x78F12430332F5677d475Ce6c288f4f078c89fd32,1
0x78e09Dc6496C698c95fFE59E47c7D353439d41f8,1
0x78dbA641814Cc43a2803a4CCEf4f0aCC369Bb9eF,1
0x78C992008e8518fC2A9F00F26253E42968e79CE8,1
0x78c1e25054E8a3F1BC7f9d16f4E5dAC0BA415CF9,1
0x78b6e8bFc4e5bDcAB1e7c17D65f9831598FCe986,1
0x78b56c42AA3639344F47664E0D109131fA8e23F6,1
0x78AdB1b4707B4B75A407DD913238735382451481,1
0x78A18DdEcDa44F7d298d9B37512ED8a7f6B226C7,1
0x7884468abcd9615D30836dC821694bb8e8aCf6B9,1
0x788100ACC2427c7A15F3B2a227e600ed7EAd7390,1
0x787D03b643b3752BB3f979aF1c0CA2b39C7acE55,1
0x78726aC72248b0FB1a58A96711EDB1D33827A4Ba,1
0x786017a689F0d0173c5E297140071c1E89178eF3,1
0x785e2c0374120f6be08DBC1642D6E996F0eC6097,1
0x785DC7204e2Da8694c045e615562e946AADbf914,1
0x78508554d0Fb1653E40bFE858d260659370708A2,1
0x784592e3c52F3dC69Bc3214C6Ab9cD1DcC35BAC0,1
0x783239Fe8A45A75DC240c3Fa01134b072f03d763,1
0x7825093a4566cE74CdD4976Ae31506CD6156e4E8,1
0x7822e17509A2B302C8483F38F6F69967c36bB656,1
0x7822164Ac9cb76953Af2c4E6405ACcBAb0503f60,1
0x781c93A50396DAE34fbb9038655Bad0506e8C780,1
0x7817AF6A152C26e2410c98a1298327E61eC703Ff,1
0x780bc756998F968d46A0da545b5f90E4fc69F0a1,1
0x78078e942Dd7aE1929951e53564b9724c15bFfD4,1
0x77FD5a6Deb06432009ff4FC65Aa480282Ff52E8B,1
0x77f88aE301F05237FdC3D42FC43d24F06DCce470,1
0x77F1894552a6336bd0Fb2F0e904D30858f67Cfa4,1
0x77eE6c67B0E43e16C9282dE60f639D68D21a7c28,1
0x77ED053B959d16b092F33e2FE135E8Fb49f827BA,1
0x77d059c2B67EEBA64D46c6c630EE38a878885f99,1
0x77Ce29B734fCb142319BaFeFB204972EDE60145B,1
0x77C39fBE41b1D0A4B74eD2522Dee57D4D803987b,1
0x77c0F0690734967750f3c852A9ce1518017a088b,1
0x77b32C1185ccb6c244c9657E051dAC88Ae9E665b,1
0x77B237EAFa654F02E9204cD01289Ce582d4DB83e,1
0x77ab322C43A4b4BC51334ea9D7C06E15906D67ae,1
0x77a59A1Dd80A1b89B6db958F9476844Fd7fb7802,1
0x779b697e4315e7Ca94Bdec800ea158d1aCAB46EB,1
0x778E6412422cCA138AAacB9b0a0a49937661b8F0,1
0x777a083B510023f37417209B8F9D8E23fD4A3ba3,1
0x776dEFC2147A9fABD011B8511eBdd8DA43Ed105e,1
0x7767d0B8e3B57eD2ABBb24E537Ed43a694525115,1
0x7746AB46a45f3e7622AAFf9243a1c353aB41B0e3,1
0x7716937Cd649850a8e28c8a182C80ca7b7C95BA1,1
0x770353615119F0f701118d3A4eaf1FE57fA00F84,1
0x76Ee9BB045eD5dF1e8420eb52037d351504d6Cd3,1
0x76E92AE2b4d3b4C44bCcab722125d14Ac712175c,1
0x76DeE34e554Ec1377310bf97ccc8A8BD2f2Cddd5,1
0x76c465aeB522D8A037B3A061054b293c9c330C51,1
0x76c1e8e91Dd6e9fa0328E545eab6ea774f53c157,1
0x76baE01FBa505E37f53e081b700B8c625763e370,1
0x76B4B991d3Ae570a2D0D04Ed511e9779080c5340,1
0x76B4b27B47f211448964eD2cf92F731412602700,1
0x76b0Db211d71fEa5295ee8Ead67fb31e68517536,1
0x76b00eF3E9aBAdd436d2f2Cd414e44e90015a5aD,1
0x76AD19D7B017791218cd491bC0711543A303E202,1
0x769740B00919555aA71922DAFFc84eD59B7D71a6,1
0x768C47f82678b6ccF92B8124CeF2870F1edcd187,1
0x768a8B6748b907C96e10dab3Aaf466f27Dc243fC,1
0x767d76D5838b71F06456b70b4B2eB34EaD169A6d,1
0x76700A638a8CC9bcc5b0Ea415b5e52b1e0D44bb6,1
0x76606E90EE18a8B5Be89BE220B61f472Bb13d9f7,1
0x765a16ca391A6b9249cfA65bf2D14C38722198e3,1
0x764b070b663Cf009204f1C26EB05cf323805F46D,1
0x764303d94846475D6121e47C79709aa049958D95,1
0x763607D0276044b8Fd5F62713a1923593cb9E0B2,1
0x762F953802C711aa1649a186cbb0cA538a639180,1
0x76128fDAb9f7cea3F1DEAd052b1BADf204cbfb72,1
0x76107ad6A0c2AefDC5c19ee047add3D72aFb4984,1
0x75E70040aA225ba61fd5DF41AdD5AD716A85aa96,1
0x75Da061174EC1B5c0ed8cF67438a697e6A42757B,1
0x75c83C67B1E234C903D0088d9e3fF9695c1B9Fd1,1
0x758Bb8032B2d4Ced5742c6A2be46738620539D77,1
0x7576ABd7d9465591B6A41d7d2B77E0c860A99878,1
0x7572eC46C136B19Fbf7460972378b80066473f28,1
0x756C51751Bb9F648d882C7a06aA8a3651b1345b8,1
0x7555be2483ADE0403A02988D7Ab266C88fDaaa5b,1
0x75441C04D34e79199669aF38fEd65C03a9Cd91d5,1
0x7542e595447c3212263BcbF162B7A632185476c1,1
0x7525d6C58860ADE364A17F5A1A08B2d0C71cD3AF,1
0x75208066d1a66A172AC86864c896FF0134f5a5B4,1
0x7516e49FC0C99593880f229b96bBBaf80b8cD88C,1
0x7512F108f81278DE1239006a3FB20907Cf5c818f,1
0x75035F949583DF34f9f9eDD14cA1a3E5CD9e6dEd,1
0x7501C9eAeEBf6A9B966276fd9a7a01168413353B,1
0x74FB9510DafD52648735859f11bE1145dc0f9528,1
0x74Eccbd2526D0F0AF6fbb9aCbA04bbfCbaEDCE86,1
0x74E3F5fE048b1387248F39E494681b12ad0993B4,1
0x74dBCd50170D5b1E4bD40a4e054F5Fd2FFd8c5ab,1
0x74D389878454668a82023310Bc56702c391E8f28,1
0x74D0017c55A81035B20bfF58bE0F36CBf1105C4c,1
0x74C259f7d1A00BEbC929c317d05444158eAA3C87,1
0x74a960279Bbd5A08De44B5473bCfF85e4cA829a1,1
0x749E08eecb6009Ae94888ba79CcE3EBEa81B40f3,1
0x7489883C3e9d073C96C590FaBD15bCBFD10b7F86,1
0x746Fba96D91B3Ada52a3cDb8fC750C58af418650,1
0x746DFabFF49b0876a35b71F06396d88C0dAbBCC6,1
0x746bb7beFD31D9052BB8EbA7D5dD74C9aCf54C6d,1
0x746b70dF44f2Bccaf7092D4989d3f18C774a222d,1
0x7444b9cA731C287750348c6010CC04bA8C90112d,1
0x74449Ab85BCB2707fEEc8FC51ec6B9b355D6Ed0c,1
0x742a0dbE7315C1e21176467Cd6adbEE498632bb5,1
0x7427AA49fF9a4540c798B7BfD08694c399fA86e0,1
0x7425Da9641c7EA3922dB8ee4F66122ef327d802f,1
0x7422994BC525276fAbbcc8a5Ca8386883116E246,1
0x74169C5E57bA07242503df1389801D29676F8594,1
0x7416519ACaC13416DF56E7a584D10DC0F978f889,1
0x74160b4EFF220f9fF78bd35248d7607d3A9587d6,1
0x741245fa3d7fd3BD92bacDb53A0998532839a78B,1
0x741235f540866EF1C51cea1a5Da576CeaE0d04a4,1
0x741062d8DEaF764aa1c295b7Acf1eFF49de2dFEF,1
0x73fCcCe878d100D8511E1604D6a8b4FD79fdf98F,1
0x73F809c0B3cF18d40463D05Ba4b95067cb51393B,1
0x73F6171D2C8a27c83401A53CBf8Bd3B8167F939B,1
0x73b1B676496b840ebD2Ec4341d51ED8886C56b27,1
0x73a324aA1b221D335f16378582934431a2BD564F,1
0x739A4B3dDEFc42C069565D0668bF29Fb5bf7e01E,1
0x738Bc852BB890C031Fc710008fff60aB0Dc25921,1
0x738664C8dcD1Ccb87A944CA6342F106491009F00,1
0x73849dd5790F29bdAC8502760602e4360bB6bC1e,1
0x737658101e38C4f1677508A776b1c0b8897eeB42,1
0x73760C4F0E8266Df0F75B7f697F4149956720d38,1
0x7370aa9c46e8061CbF248d96e8754D2ec122Ce0D,1
0x736ed55F3bD5996F8b8ceF87ef220154aEEEd972,1
0x7352489e7e325000CD0ADd55F2C7071c3C324EA3,1
0x734E2A052A9c4e1a0627508f3Bb7EeeF9FE02944,1
0x73466Bf5D96bF1088665014A2585091aCc459592,1
0x73064f6C1C5dad8d917782aec16aB564feB3c011,1
0x72dEE3f55E20dB5530257Bb20006A4D79fFB811D,1
0x72D930415A0b04Cf4122e593413EF3422E049c9A,1
0x72bB27DEC00202d977Aa870FDc8487C899397139,1
0x72A262Df73723B4E779157423103e8f2bBCA149A,1
0x72938242CB7D4d305b33138c2F7B6387aFD28E82,1
0x7290764e89EaaB4405bd99cC7e34185e3b75e2B7,1
0x728b60ea697D113f2E5B382aed68f539edE796BE,1
0x728684c29E97Dc4346891ec8e2962fa2c4b56b0B,1
0x7283cF55c021cFf815e28921eb6306EF19144692,1
0x727fdA504a77db9DD89D2e3765EDd2852aaAbEfC,1
0x727A4841B9c08Ec2F4b2F6D6bc8108b8A77e86EF,1
0x72727d612CD162c30f84B579662a9bDe34481aE7,1
0x725D6aF9Aeb6ca450008f4b2c35C555C6e23074e,1
0x7255FEc73a462b5e05657a1Dc9212DDDdc12EDD5,1
0x725426Dd56484f946D0d501D9330Ae7a09Fe6C04,1
0x72534B92C950b9D4739919bFD5FAcd81397178eb,1
0x7241C18533ACF5F786c5A0b5f9c2C370620c5c6f,1
0x723a2D0E9c9765bCa268F420C3CdC86c5F049f44,1
0x7239164e3942D8d7C6C0F38376A4D261A52b106e,1
0x7230A898135f946b81ac73BB360dF7A94eF1C773,1
0x722955788Dd924157F739e726d5B684D9e4561D3,1
0x72238C401F938a066517973B04C08D7285D21065,1
0x7213c705C84e5d9e30d6cFb081faE1Fc3DdA3Af4,1
0x72099133F9310C47b3543d6a9c3fef25Dd7C71e3,1
0x71FCFd7E4eA2C55ECc6A61368ff08c3B3B366B57,1
0x71f2e5890DBF06AC616a5C8acFC455Be73b07672,1
0x71DdF9AcF07d4b10d6E6318A913f2F9Ea4A0353E,1
0x71dc921f1354Ab555201c6d2779A581b31037AF9,1
0x71DB4AcB731236BA67482bEE3268a80b9CFf2943,1
0x71D567d67d08D9c62Fd438ab7C3c3A4fdA05AD3A,1
0x71d2b5D7E75162c15f1D909e6430c8Fd828d86Cb,1
0x71D23A8748f2789E36E5F3B48aaE36B721052a2b,1
0x71B3201864139976Ae686062701A9941a8263c9F,1
0x71AF3F8E576a2A806bE7187c77b38e3728D4c0a8,1
0x717833ed18c72c1F287033a2F9D3F9E2e5118CcD,1
0x71290f0cbdDaa9CD6B730eB98FF7b96aed8c40e7,1
0x7128fDB1D9DfEb9a4f2Ffe78bccbcD8eB08752A8,1
0x71188b259DC6EFA73b9353d57FC2b338de7CF8b9,1
0x711346398399BdbcC4C512363C229c4f97feFa92,1
0x70f812B98F1559821DB19a43001E73Bca9529C5d,1
0x70F7e43719A23E6536368891F214613b5e2BC6e2,1
0x70E5D45f1Bda141DEf42179C9094Aed5B1655a31,1
0x70cc51c2D896f21B928fcB495D90C5A8A4ca59c1,1
0x70B3Eb071B028C6EB95EF9643a6ecD3eAa823A10,1
0x7094072f97d04c0784fFB95677c52c605254152D,1
0x70873269b4D8F365586A06F322D0Fae96162Ed9B,1
0x708621feA6a3e127f775886f4fcC5A7EDC6cc736,1
0x7085c2ae0eD9966E5e2acE4187CE7214F2B7901a,1
0x7081b27bB5505d8b21BCD9131d07D3924e9F961d,1
0x7071B0B4FE2dF3BdbB60fB7089700d3fd174014c,1
0x7067C50819a3b952239C64159523e7Bb4B19acB7,1
0x7042459fe6BF7F3072e8c03f4c7b7E1B440886A8,1
0x703cF6401d04A06378C6F59dbd9117203Ba9892D,1
0x701b9c903D29e117bEADC44a99C574554815d859,1
0x70162d6833AA6bD74A3f93f90A27537958a8aFa6,1
0x7015A32035ac9E5845dA153929901A5B491A0098,1
0x700a023F22C4a4fBFDEEd3d00B951Ef8eA932bE1,1
0x6fFBf810a95e59262bc7a9aDA63f31fc0963A496,1
0x6fd76a04b40073B18D46cEB8a23da1359931AfD0,1
0x6FcF7bcd09F92d3cbEea6afcA5e016A6798C7766,1
0x6f7C6691f9387C4e7e05291945ab352CED0Dbdd2,1
0x6f4fbc2B5013A55443Dba3ae4187ceD590F6dc9F,1
0x6f4B751cCB1D3bb498E86F0373c29F6158b8e1D2,1
0x6F38D423C2B78Dd5378f3A570682D942131850C1,1
0x6EFa8d3d13112A66312b7E1aF609455eE0A807B4,1
0x6eefdd03B0a4675Cc99855318D420d54Bb1D0267,1
0x6ed9680c601bA8c6311B19be14Dd271635Ab7BEd,1
0x6ed5FB4E6bCFb99A71bF242bFb0221002C83737D,1
0x6ED47d7f9f9294A3AfC8898246f83AEBb828B7A5,1
0x6eCd2bdFED2f9468433D23728d4eE6FF0B162040,1
0x6eC8A0C8db6f0EfC51dE4727e42d99513979b9F4,1
0x6EBdcc3aeDC695ad070A213777811D3e86698213,1
0x6Ebb8eACBB89b4A04b354c247Aa4F40c655655Ae,1
0x6E4aaF7Ab038512EE29989B3d1fC6aD8eFC36F17,1
0x6e432261013a87dAad15648b9590c5c24f4B68b3,1
0x6e3d53B5b20a063e9f2D9AA00bE5Fe220228C248,1
0x6E3Ad644a9c50aD961392c0A2261f397472F4884,1
0x6E3915a1bf844c3C06a17156C4D7Be1Dc0B788Fa,1
0x6E222Fe250cC5B1C4641b8902B3e2Cf545949172,1
0x6E0CD8B70Af16104b35b5008940CFE1b8FD39E27,1
0x6E0b750Efa5fB1BFEd2a31aC6Bb741551Bcc98f4,1
0x6Df84b5A157B2DBC3E3DAa6bd6d51dfD73ACAfB2,1
0x6Df5195e2990BB29fB6e220DF98Dc26EbDe9eD9A,1
0x6df373873D13dc816bF6a2c9ff07B2b9Ffee205e,1
0x6DEFFC2b3835D09eD5f432f642DA04999ADd50b0,1
0x6dE74Cb123eF9546CD610546641399c183175c31,1
0x6DCaB61FC86174c5F4969aaf112aa065827E607F,1
0x6dAD6291941559c3a088281A9AfF1d0EFDedA4eA,1
0x6d9EB6c99445AC37411765Be615BA4C6d63D7000,1
0x6D9c0bB01FE11EB9EC56350C6f72483Bd9A71229,1
0x6D9c0af07efcd1e50Da67d6A15c562e50E00B82e,1
0x6D81FBdba7Cc3AFB7926F80C734965746b297668,1
0x6D6d4e7501aAe7aeaF5430f69f90994673a99e0a,1
0x6D42Be1820945F88B2439152Fb8f4ef32CeF4d47,1
0x6d3200A9293Bf03a0454D9e3cD92EB51ab912a65,1
0x6D2e5eBae7cbe41FD2Fb41A21CAd1123F7995c5A,1
0x6D2B9f95e5f8b48C50fA7cEd10bcA1eC7FF82cbB,1
0x6d252BCc606a1fC014B0eD8E906A16bf7962d19F,1
0x6D14Ba0234A22a425eA02d18cF11F7ad90033EEF,1
0x6d14b866998B9d8207af8b0670f61245894DCCaC,1
0x6CFe8b2dF6BB73790433fD6b37E21eea0f3cd63C,1
0x6cfbA969A424baC0f18d1CA674f34B8B2907bb5f,1
0x6CFa99B2352163D70bd52de24CdBf553374B9335,1
0x6cf0585bC2482CefC2Ef142E7A3D2AF6916370b4,1
0x6cddbCB720F037A3B4abdD7a39Ca5244ecA2220E,1
0x6CD8401984a8dD15382dcbB44d87DD249472FD8b,1
0x6Cc4c4D39D8F585913963fB0C906d0bAAf5BF6d5,1
0x6C994eEF6fdbeE8BCFF9016B7CE3A53b489Ad155,1
0x6C75881D661f2d0d160011BDC967263C02D18357,1
0x6C6dF08bcf0a0db68aAA44b8c4de7f1B67e87d96,1
0x6c69144Cf6EcFE3AD94B8eEF0E200BAcE1151E70,1
0x6C45aF8C6E1B13C1d5F4ba7E2785F2AA95a69658,1
0x6c3F26ae7312Ca3602697557786C5Eb760FC2542,1
0x6C313c7189c7A8E56964d198bd8a5B67f5C97cC8,1
0x6C159C881BE4Afa3194Cd8CB8F3555444916C684,1
0x6C12f884501BD892782F921d2aa0400bAe3C92ab,1
0x6c1144f20893D3b36079030a95bA0A7c7a247Ebb,1
0x6BF7550BF182b8428e2cf4fC640ED884FF8C7a57,1
0x6Bf72D183894de3BD5ebaF7B5983D7C778c82299,1
0x6Bf6c46ba7f8536Ac1B31757E4b3d82CEf1584cB,1
0x6bF66038249e00ED7db76f441658920650Bb6ef7,1
0x6BE1cAfD984679ad8c7a594826274A2a230db8bE,1
0x6BdD192D8d2d5b10cDE28F87740431780F858Fcc,1
0x6BcbDcAb05461cb76BB1fd4251a55a28653fCD43,1
0x6B92752b2797F33B48bF8081358a6972a0d20e3A,1
0x6b8A7146e477DC9De27412812d17382663112924,1
0x6B6D1aF0e821E00c147aad0B7094DEbe207bb672,1
0x6B61B0551DEB86bb276eb5F01ad8DE3efb472A66,1
0x6B559FAB77656b60a2E5D60C88cB6e66B45aC8dF,1
0x6b46E020F66c2A2f78fBc4f90Ec14EDB9b03c243,1
0x6b4189C110ba6ba792dc3D0668D6f1eD380D9eDe,1
0x6B360BcA041Ff23F96737e4914E18D003194106A,1
0x6B2F070B22D6df12155291f81dFc06C6a233ed79,1
0x6B224FD0E91029208785DEDa163C5BA20d79901a,1
0x6B199281e56aCfE0A5bBaD48a9334b4d143b2E5D,1
0x6B183BA7A8F0A6890841BBE609390988f6BFfF23,1
0x6B14a4bB4702501002375C32FC3789e8A75A6e26,1
0x6b0FBa3556aDb1928f96846Ea19C15D9d067aCCE,1
0x6b020DC9a5371b8e5421BdfB8Aa0d6F52D0ABC4A,1
0x6AEDda33ea76c4F9E3aab46601A4eBA508a3F07B,1
0x6AE7B3590Fc29b7f52092Dd722D8E1971e385B7e,1
0x6ADdc788c3A043C1561a6aa8e87391d348D014Bd,1
0x6ad819aF0E7C62130f89928773E99A87CAcDd9E6,1
0x6AD6da855AD316d8AB7ceF36022b2550a2D99955,1
0x6Ad28cFB274d8061d0BF28E59fe9b5c4c7A17627,1
0x6AD0f7e6f008FaDcDE9Cf73B6819Ed42359BBCa7,1
0x6ACa5d4890CCc8A2d153bF16A9a5b0C5560A62ff,1
0x6Ac014738DC8d5415D7b0743b2ED24324e56D2C1,1
0x6aB8a95DD281b10bB7a8c5a40E88A4F253fA8690,1
0x6AB880AFd1E0C7786cc5D05F4FD9b17761768da8,1
0x6AAF7e962a7480a6B5Ac9D755E70395Ec4fa83F3,1
0x6a9fc33426A7BF7acC1fc39827Be75359CE80293,1
0x6A6891fb9589F021E6430e6AB0947E0917EDDD01,1
0x6A600BCe093C827C622B9a5E83132910a105fb34,1
0x6a58EB4b32E34F34E4E2353E4996235a2Ec828F8,1
0x6a4722A54eE49667A96f5268Dad8B7f770e4F519,1
0x6a4379f763b3e444C8548CCB7B7C061DB3AD7Cb8,1
0x6A3Acb5dD12a4912f1543CbeF374a4156D80eb52,1
0x6a32c1bD22832f31202fBd75D3994fe017802d22,1
0x6A329233D4828F14315F8fCe8C0a1F5337796043,1
0x69d266D96B201b1f231a8bD70726547934A5cA67,1
0x69CD485dE8e1e877d98639B74459bC7862379007,1
0x69BF5c057d07b4A175D96a03eD3Eb2f812785800,1
0x69Aaa47C562F0347b98532736accf3746AaD7e45,1
0x69A84c2D9735fdC9d858F8346cC526f48c10aCa8,1
0x698BdcefA9d0ee7774Cc75657be12704f3Bea469,1
0x69888F2Ad05D3455D244D9Dd9F1BE395dAA61d72,1
0x697218423eBec96c91b4bc1abB43485d142E2E4a,1
0x69511222101D928c30620c59b32fF5A30C74EBcF,1
0x694b9C8f67578dfB91eb36e6C46B92a68ACfc731,1
0x694Aa37E17dC63C253da167927E841B9E8f2134b,1
0x6936cC35B1d39cb4E41Afb9284b8502e68B25942,1
0x691e9Ea14E0D4FA0B227715Ba0a4a681ee64B9AB,1
0x69196C64C4573E46A4010024f84270DBFC976cE6,1
0x69187183E33161eC98f77F9154feb61DE56fB53A,1
0x6913AcB8556d198ECC83048a576aEC3b479647CA,1
0x690776c75Ac745ef4253aAC85e5fAd1dBedA8a0d,1
0x68E9C1ed91CA73A20323989192A93877D828ac3C,1
0x68E55A28e38B7D709cE3E7ffaeA77C40602C42a9,1
0x68DFb2f2D2f4aFC37181e38d596D0d112C3Ae5f7,1
0x68DBfb911bd63934df57aD615804711ec2bBDafe,1
0x68D568Ac9dCe1945701B48B850D1b9433e713318,1
0x68D081977467F2712634023182825e77da992C12,1
0x68ba86337aFa90F170E1C48e958f8836F9f9b4AA,1
0x68b3a5A43734921cFF3e1848c6aF501046A8A95E,1
0x68a219accA8f663EAbDDA67B65140b62A6924429,1
0x689dFa80839F029a6e8ba6eeCAc87156861e0ae8,1
0x686ec32C61aE7d3fF16e26403EBea633274cDFB9,1
0x685c99E8780e5a7f158617cC2E9acc0e45a66120,1
0x684dF00b18b086FabE321854f6232FfC25133Da4,1
0x684930968D0206Dbc180866eAb874eB9909EC2bA,1
0x683279542eD04d7C60DC56E4EA230fe621eDD4Ca,1
0x682CC91DDEDdaa9f81cA905cf7814DEB96b1DBcF,1
0x68292357E9b0B35E08861CcDb53290BDB92999C5,1
0x680605c5397399f20D02d1480Aaa3B227B8a2417,1
0x67FFE4cA3Df68Dd8a416706930013466838Fdf54,1
0x67fF12717009F03aB7F9d73c742a48bd370d42BD,1
0x67FAF1a5E5753F580c806d1aC48F2FE309f4Cef7,1
0x67F91C78413a1F782223d9332a327893a0aEBB7c,1
0x67DcA3A582670EC11B63C8400F3992f914d74625,1
0x67Da918BeC73Bfe665a56FA22C3d095f290006a1,1
0x67D7C0dBCA57835752bF7CE7feAA4ffBc1e84eF2,1
0x67d67ea0C8355fE181f1E5799A5aD9601f5EC3d5,1
0x67C9021e8c561d2Eb78a63385c7D8da7D0FC7BE8,1
0x67c37Af23c32cF76a9Cb671c6A865E0f4FC22a77,1
0x67c05Ea8a0e08857048e08c325218975caF245F7,1
0x67bd77e1645003287FC657c5DCbbB744cbb9E98D,1
0x67B87C5Eb551F9BEb2B9d29AF28cf22BFCB43952,1
0x67adfab056EDc1a03602139b8AC36a06fC62F1Bb,1
0x6793f0cD720Be7bA0163A96D3DE6FfF3e8598bAd,1
0x676520afecA92a816C7af2acbd5279Cc06FDEda5,1
0x6762E837E583D3b80Fd59080d151b59eF3dFFe09,1
0x675Db4e15a6CA7A64E762069ac771203f2EE15ba,1
0x674513E5e77Cdf3391f482b07CC4b192E2274dFd,1
0x673e8C55419aA4eD049B3336DeA74cDef3c49F4F,1
0x673a278E13a5B6D34e43B3f7F936Ea89a7e6eEc7,1
0x6724eddF4E9ea791748D090a34e0F9e16E2bd4F5,1
0x6706bf5025399435cc33020145B77cbeE1973546,1
0x6705b7fE0F3D1c16560664b9642bBaD8CBFBE21B,1
0x66eCb21b78fC725e10aE255481B52dc15191d0df,1
0x66E1Cbb8943C62927Aa627f55A4F76317C94eFde,1
0x66D66013F397E72ec7C5Be63DAb566958f37e811,1
0x66Af85Ff38830187B65956b8D1A68646c1A299AE,1
0x6694De73a36f17eE99a43b7Adbf7c204BbdfeE1D,1
0x668d33AD98aAEF1470ae69Da57D92c1f53bd5091,1
0x668A75fd18F56c448CD80f9300805fD7a75d1345,1
0x668972a87496aDEc54FE729DD51b2C3087e7E42C,1
0x668540812466219A4cf9EF22151bB7E513010f17,1
0x667Ac63c76ddA80C59EA6d6d65C6179946e917C7,1
0x6679d2FD5fF896CA97f4F3973d66a394B5c965D8,1
0x666BcA9b9e16a9C39F03B9D8eDa48D2111F88CD1,1
0x6667877CAEB7a3BEFFEb62B822E03d5f760C9a86,1
0x662a7C5cFcA929dff1C72E0BC044FA647dD233ed,1
0x65fB0ae3a14EC0f9f5c8d95A3bB5D1fd972cC8c2,1
0x65EF8fd6168A4Bc2CFebf83B0C83a8A9B7AaD1F9,1
0x65D304CAF3fC78e2f77D4607B01E1E29577a074A,1
0x65C13724928ea0AfA68e09c7b70449bB8f6f3Fc8,1
0x65B20d46F19a51E89461d2443A274B9086850dc2,1
0x65AC28753Cea7441D66a2c6A2813e0a0EFBAA69a,1
0x65a7Ed1A6b5aAD68BE8866b1AF2399250f356572,1
0x659fBc0Fc53EA0368793585d1e2C76d6eF48Bf4e,1
0x65935382454e08b7caD62D5d845Fec51eea71933,1
0x658f5f02C1A47312Fe7AF25b0f4B90f3A0C42590,1
0x656f296feF0f76f7c1e5f26b6d9AD5222229E93f,1
0x654dE817b0440E9092ac6557c5E2D73fcA8E1De2,1
0x65433d219ED25fF9E5C721d31b473982C2F6E747,1
0x653CeaC649FC5FD91Ec58AB887B876fdC2b505f4,1
0x653ae7c0ef6427436771a9E67f9F6018a46a91a4,1
0x6534E5D2C59128254bd05923F87524D53f113e21,1
0x65223b270E189c8B03De207a713a0785A23119e8,1
0x651450E1bd566E94532aaB1C2f3fDCd59BeD7917,1
0x650f6E0E9Dd0f8070d58176C7aE34A84F433fF32,1
0x64FC0fd646284eA3fFCe8e47862f63A78D5448e0,1
0x64fAfD104f1253f519291e679794471055cC855B,1
0x64f8e38e19c1B6992969Dcd5769c149951018Af1,1
0x64dEDABA6199110C86bB30127164933A85977902,1
0x64D2ED8Cfb02f592Cc4a7C7359E9c8C104d2a3B7,1
0x64B7497e8aB87d5b61B6b9149EA9459f47112bC2,1
0x64B15ef9a3F64E36e58FAE235f7C006735FB4ECD,1
0x64AB6907a092Dd80Ea719c5685067d3311789eb8,1
0x64a7b591389670b874d40Cd50f78F85be08F510e,1
0x649B484CEE3a568C297Ea6e15173dda75b0884b0,1
0x649890078Da0f9219D73C35d648699252451c627,1
0x6493DbD1f0d1B658AB10f6b1D7f550B312a210B0,1
0x645ddDcf657545795D473290Aa2035aD2daaF177,1
0x6453b35Bf9F857deEb872d9D586359885cF3Bbe6,1
0x644bF2c24623E5C14EC611183a8124E348667d8c,1
0x6430F34e563C719a74cDf9bdD565bc569B1CDf51,1
0x64039F1a3fb4Ab1f391B880a1D83507C095D892B,1
0x63ffE0927da577cc99809a005964E01475f64700,1
0x63FA2f11621ddCcFa4B7C6dcA1fB5210e6C49cE7,1
0x63F027bf3c0c7c683D41CFDaF8c014210175F551,1
0x63dC9ce8413b7c30A9DD25dC21B48f255E036DC2,1
0x63Cd50D8bf48728455F1e2bb422e43DECe62CF75,1
0x63b6DE260d425b1003F4aA2f520153cF5D9b7FB3,1
0x63B5bD7d086A5E8157b4C1B5e6D4E43e229d1c8D,1
0x63AE5a6F23c1159546e301c77cf121721D44ef2f,1
0x63Acc50099A5feAfdb565Ca630144a3DA9eeDB55,1
0x63A67F068A8FE2d535E531eAD82D2436E7a87900,1
0x63986Ea6e5a4034e83FbE01d31ab31f989dc36a5,1
0x638B6E60c03D723d4AF90bc92dE33126F512E8da,1
0x638B204832873B256596cDe3cB8E39289a58F3A8,1
0x63845Cd4d1a20c83DEe09BB6e0b66d421C84020C,1
0x6381aD57F09DBE736Ed702F31fA8EA110D632809,1
0x63817E308f60E0cE1E5D4Ed40a8A7848473770D0,1
0x636e7003Db8aDc0C0358B917D48CbfF1F1F5E1a4,1
0x636cCdD38DfBFDf18eFA63C72ecCC5dA300c46E4,1
0x635F354E987F60ED334641d819E6b56F98733754,1
0x635b9B9F1da50Eb0CD6883cF9F42a49555838575,1
0x635a0C839C184f2C2420630F0828DB1f0A72CBc6,1
0x635804F073561199bd016E638073F61FCB681DAa,1
0x634EA5142039756816418931AAB3A26e7a209f8c,1
0x632F8B12e340651105957DfcC8c17359c4a16f50,1
0x63267fA016791610406583C298C568E8E86AADb9,1
0x631ab8EB40588543dF900263F864b6376d56A587,1
0x6315C1a0cb64717beafCA7DC4a8E8d61728B28A9,1
0x630052B1556Fa51270994235395006C7684aFFad,1
0x62FcdCa4D67a2B25e0088f520D63f36F8CC2d3F4,1
0x62F749182c2F023D5B8f8685d0CAC1471d2323Da,1
0x62f65ce313D0B3C32b9205295F355d5849298065,1
0x62f1511269AAc24e79BF6F5172ca661711C7dC23,1
0x62ef4a2e261a4A3488743C7bF3CFB2023f4fa74C,1
0x62e949C4150b79d63263430B6C5298550e63A17E,1
0x62CB3849ad53d473f4C00DE1a20D2C1bA252b48b,1
0x62a85c300766Cc3070B9A90a79264b784690b865,1
0x62A7e08ad1be6282e37d663c7079005787c07Ed9,1
0x6296A491C9356B13A392A892C0eD44a6B39FE7CB,1
0x62886Df50279d0Dd50549899EDc473853fE79Be1,1
0x6281a833c6675459c701df4727cECDCde8E651ee,1
0x627e06bbc2cf8a0b548B7705888ff3e8B04CD8D0,1
0x627afb1341CB1ae3cb3546424709DBA42d88bDE9,1
0x62790A0db36EBa35070cD4116AFcf9D77fF5e041,1
0x627213A2A9e49c2868cA0ddb1541d1F235d5Be03,1
0x626E80e083a82A6C5959e6555FBB33d0896b8782,1
0x6264D7A472e373cbEA29d197743Db243A8e89fD5,1
0x62615e8cF4732b51D557BC2Ab7921BbafCf899AB,1
0x6257Ec425ceA907FCB8881984F6C1E62cA7580C3,1
0x6253f85fE52B5f1abbC90B7A90E9EE57312a033e,1
0x622fFFe61d52CA3Cd9DF1416C553e511E48EAEca,1
0x62295f58C930d297A86C6b321F796bA39df293e1,1
0x6209eb7A8BC32FF320a1b7823B153B9cEAB85D1b,1
0x6207aAb1d68a6003641ef74F2c59cB934d59575A,1
0x6200Dd881753c9786aDc58B5138C4EF60fb748d1,1
0x61f520F503E9E485724cC0038F175418F632541C,1
0x61F3452194de23C765560415894f0249560eCbdD,1
0x61EF6aBa44d2a633C668B0D9D796a97A7a60c942,1
0x61ecB62d4053877F945217C4f19ac332d3166D76,1
0x61Bc00DA5b6339Ebb3b21A7bf227458855C2Ce8c,1
0x61b42937DcA02Dd879D607FEF60d1681e63324bb,1
0x612D809DA2773F5F2f3656283350653F06F881c4,1
0x6128F52f6bb5de13AF42d1f984075ead2924Efd8,1
0x6107996c092765703c5cF833D495F897faAD0c4D,1
0x610591Cc9D70b02775f194Ef42162725b94D740b,1
0x60E315D6Bd9e82370A609cA9D3F5A09E4Ffb82E0,1
0x60DBe4aE832292F5dD213bDD430c99467C52ECdd,1
0x60c0e5e23790a7b9b38A095D8C6291a88A23E6B6,1
0x60A34e1800c1013E074969Eb45D0BB3409E0Eb9A,1
0x608982e69CAf51F8Af29f27485196d6ee87c6b76,1
0x60802Db14A7DfCB79b89534d9eba0442a50697d0,1
0x607a70E94c612bA045cf48B0F8E241A611f574D7,1
0x6058b5031A34D7F1135df1402eB2081D1Cd68815,1
0x604B4c1A1C42b5F3d51bb6A7Fe1CaA4B5D4BA369,1
0x604a3611f874F78f12Cbd9ca7C496565004dB3D0,1
0x6029Bfd00e0B53b848E85F1eD5649dCa71E0e8b7,1
0x601FB601010A6EA8De405813E3ef9005a9653e0f,1
0x601326d7f6E97609E5674c9E047a25C5B26a5b7f,1
0x6001D26436986706Ff19c35478F97e0c43846470,1
0x5FE7aA0A278FcC17700DE800544E6806e396Ffc4,1
0x5Fe3ae02535e0F209eff579A46F3d9EEECfd4529,1
0x5fdc48ce2120A8a751F840E1DaE81A98C38Ac7cf,1
0x5FD776a1Da57aa0A3F22C9B8b2fB7f79B56fA26A,1
0x5fD4f47d6C43Cd46587Cd04d822873EDE8fA31b6,1
0x5fcB331d55101D099f0E4c2F98ae5DAB4E76eAa8,1
0x5F6A2d5366B997F42daC70954021c6Df27b89A84,1
0x5f64e6aE87C8A35d57f045129F1c90b2aad4d9A6,1
0x5f5ad03e4dD836711ddc80915a8e54Ce80F516fd,1
0x5F54f2178B813966D5E3a4a83D70D7Ff87521408,1
0x5f23C4bD6fF20a8CB49C5A27953f286737d129A7,1
0x5F1F6C7ae6944Ef82966365946C1eeb2Ea7a9505,1
0x5F1c6f23B35EDb5c5542b1C682cF1695295E88f8,1
0x5f0895EDc43CE1E76f52C9F5f8bAF8F2c01CB1a1,1
0x5EFef55Ab5289204c37334f2e98E747Cfa025d17,1
0x5EFee0C80F931CFD9dd54150f7fB81Ab8A7D25c7,1
0x5efCd2de45b081C4d03c25E62a039C46329FaB2E,1
0x5eFb23C36fA6b02a3F01e3f396f2a6077e8a2d20,1
0x5eeb774C6Ce88bdA04320a756eBcb312467C095C,1
0x5EE58b00e1722C0e01E86286a16DEf6ea9675F6d,1
0x5eCf0D7947fFA73F6cc103975DEC41C27EdB0D68,1
0x5eC8Cd4881eba87279f5F243Eb89EA9383E677c6,1
0x5eAD56eB9E2fac8549713aCE63F9726CCA8295DB,1
0x5EA88df165FF7eA54207bA46e253c23bB330A1a7,1
0x5e9e84505c9CaF88a6D63075843647F167Aa49b8,1
0x5E99354D8b929eEf2Af38062E7B9C2491636a632,1
0x5e8e057267722f3CEd76b1e97612633Ad5130f27,1
0x5e815D08D25bbe441dd1Ddfc5fD6a88bd5523776,1
0x5e660eA40da52DFEE987A325DFC01c03E94F2ff2,1
0x5e57935e131EfF807e381f109AE8f817872777A2,1
0x5E4E7A1b797279426eB524435bF920D17906d6A7,1
0x5e379eb202ed180B4214a7C468C4AFf30455646C,1
0x5e2c37f543445877006A16c76Ce7B71050192878,1
0x5e24F3B66d6398fa3fE52d2A3644CFAe366CB0Fa,1
0x5E06d2abAdF3f8880dbC45F0a10b5c8Ef6Aa7Fe7,1
0x5E00Ddbdde3d3FCA5049E1B95A99F70af2E425C8,1
0x5dFB9Ef86d8217fa16f73630985428Fb7057d827,1
0x5de4EABc9c5fFAdaD1e3EE2f9fF5a700A91F41Ed,1
0x5DdC9FbEF175EDe710C1aB6114eeAC1233f75600,1
0x5DD3c2b7669Ee2655fED91CD29261535Eb2Ef6f3,1
0x5DD1820502B10feb4B110a340d6820AD588FCe28,1
0x5DC6D3Cd39A5E9BE99De426552659f060b6A48f5,1
0x5Dc69664384770EA813a5a53491660303aD45E6E,1
0x5dBC6208Cc2eCB91943355486987AB89B6E7DC2A,1
0x5dA0D1F1c50bfe9552636769c760139345243091,1
0x5D999593C1170AfC64B81AcA664bA587661041Cd,1
0x5D8Dea20578EE652FbFA124f10532c0e7fEA287a,1
0x5d731a0819A35e7c66a0A19CB4b806b08E753a75,1
0x5d6c47cFDbBE5aD5a7be0a97D519164D303E1117,1
0x5D6311506173F9218544648a55c8A2EA4e02012b,1
0x5d6185ae987738fD6A20880639f21e9e88e86236,1
0x5d49aE9F64EB2Cce0a7fa5D9ce1822569F502F16,1
0x5d490C4a0B5D12C317e24D5198becFA304F72929,1
0x5d3AD4bCae2255967A1c580dbd471F3ac7c0E1eE,1
0x5d365b845CA38eF45a8EdA7732c6BeAAcD203a50,1
0x5d280E9b02E871db5ce85b9bE186b30253BA3685,1
0x5D22a8A3f7918E6d838A0a58aD4E73e0200Bd656,1
0x5cD0df29fe7e5dE6FABb75e6c0b574e465cdB579,1
0x5ccA0ef639c167C169eb9aeAcC7EA01E57E8D365,1
0x5Cb623130BA7214C37A921749F177cA3c50b4C6d,1
0x5cB33476CF637f284744b0AD00eadC6388a7eCC5,1
0x5cA39925aF348525885Cff41dF47aDD5d0378361,1
0x5C917403e6b0bAA841a97Ef1dF95a76Af4FAA15C,1
0x5c8A7b88dd1d867b8AE773b3cbC3eFFC5d21081b,1
0x5c79A719c9FdA77D76220734a7eE97963D488869,1
0x5C5aa6B8Db076757baD008C7AeCCF87e5C66A7A3,1
0x5c57fec3e02E5B64F8c3b47B39942ef682e51459,1
0x5c4C7f7CF710302be5ACC1ffDa304BDE312205B6,1
0x5C2c044208F7d2b09187027C972c0f4C0BE36049,1
0x5C274209f7bed0Ad268bc581f06c8C7E88A9412D,1
0x5c13296FC2fA3bd5916425808c0e7b846ecdAd12,1
0x5c051c0FF69b6f5FDD47E847EB370DD48726Ec4d,1
0x5C04796d63cDe2c605714d990d9C1FB24DF4766e,1
0x5c03A938C87d0f7cB102581B24728Ba094ffb91e,1
0x5bF9Db39f49c26957DBF968802fbEEE97C027Ad4,1
0x5BF5E943cAe86580A456DC56322bb334836a04e0,1
0x5Be36211DD41408F7E2C12f37e8C4A480bac23F7,1
0x5bE0883E3A609dCEF046F0eFD7d0f174A638c58e,1
0x5Bde34C9412B2C6c733B89690a2203f9549E3097,1
0x5bdDAfE0c718E36F10616E9423B050619af34664,1
0x5Bc8a0c9b6FE59e0915a67cBb99958b9DAe58121,1
0x5BB684e845a3E29c91B18f93Aab6577015D764B4,1
0x5bB35886f7eC42C9873B2836D2DFf00Bb06FAd45,1
0x5B9e8bDD8B6EA310Fd16230EBc6c093E6A0FB562,1
0x5b8EA9B493Ee25A55cF36d0ebBB8c3B24754b3A8,1
0x5b8B87331E484afb35138DA956aa30Be26c1f22F,1
0x5B806286c200AA1D2fE5404dcfDe5854Aa16e5be,1
0x5b5cEA5691B8D1b1a4C5482BDea442675dE6A8Fe,1
0x5B4780b4fe5423aeedbDcE9Afa359774e3E44A9b,1
0x5B0FACe343cB63003A6Cfd85CF7cf7a49f6B91C5,1
0x5B0a9d1445392f1b9E739be8A48F72FF5029e927,1
0x5aE5e5278CE81A34B1FdFb737F7A6ADaF8D110c4,1
0x5ae00340cC5321659E4B712282450E08c7cfE97a,1
0x5ab1842EA0981A84626e7A4597A9954005Df09d1,1
0x5Ab16214eD1e26fff2CDA52df2f658E912D7c933,1
0x5aAF5a9EF5f15e4e68379a2e9c46E78f7C6B25F6,1
0x5AAD1CaEaE9212FA3264390B68FdB0f257F248C7,1
0x5aAAB77e9b3B13C509e7813533FDd5Acdfd1ec9a,1
0x5a9D68c871325979b16DaB50ACFf1f9ebFA9Ab3f,1
0x5A9154E7f5639F91115e5F28eAC5e0Ab54efd491,1
0x5a8DADdEDD362Fd5581F299ECb7591959e5543b6,1
0x5a765366C3FD41cCd4fF4A0882694D3451B5cCE2,1
0x5a6383a111067013eD81A373A8E2c7485b31db2A,1
0x5A52865C54e1Bc9702762511B0520441876FB0E4,1
0x5A4a61A2BD49416c04d3F26B7d8ADc658688B4BA,1
0x5A3A9a02d2B7008Bcb5761C417ca97ba96cC5626,1
0x5a38f942B5A593652ec1EB844CAe8865cdf99412,1
0x5A375E3259D08837757B91C542a9f9406b97Eac3,1
0x5A27d268e830655E908a0a2C3B24F572695AF5e8,1
0x5A27CC7Ac8F64571520Ab14e6fbeA3DfdDB96559,1
0x5a128c14F2EE75a04aDf1C4cD688201f83bD8B67,1
0x5a09E3fdb828EC32Af3b4216BBdA060DE51Ee72A,1
0x5a071bA1181E280845eEC8fe4f8D2bf7054bF319,1
0x59dA03e05a9baa78C2978b3B1374D849E2be3cAB,1
0x59d4A06C86d1e7594A8dA38Fe2bd79FEC8243981,1
0x59b1C0f6C8B522082aA65d16049857eAe5Dd7259,1
0x59B04715cC78831EA7161c602853151A6A60a0d8,1
0x59aB29B5362d0E4D82E2cbd7064B4F0d912431c9,1
0x598ca91D0C077cDb70506eac7323C7430F332b8E,1
0x598945346525e8cDcF6A8d441eB2C88Bb36199B8,1
0x596DdBF35AF2BE197f2dc1aA186A720BbA449C00,1
0x5969c80B79364665321588244AC0e947A83670D0,1
0x59659e3270e7e143f8f1Bba1af3D237d8c9f9354,1
0x595095aCbc628473AD817e58A3A79ae861F8848f,1
0x594F692df5A51227660834778F0E7651B375b6bb,1
0x594C9Ad8D38Fd59daeAe8520Ab1E31B2A866C4f2,1
0x594B09126CFa0C83F656901c7EF103Aa91Dce7F3,1
0x593FAF4FDEbb42649370C09d4cd30b8a5d917198,1
0x593030Fa5c64aAcbD94c91F0223295Cf8671DE36,1
0x592fD5d5709baddba2986BFcD62995F45E0Ed957,1
0x59265Ad1353d5247176B719fCb040D97aeB9E531,1
0x591B8C2354746F9F0ee94DbdBaA029eF22f9F0eA,1
0x590e94Ae46f0a5B148aA3A92162e636697bC639E,1
0x5907B50e15A38Cb5543af8C5EbA4Bb60d44c002C,1
0x58fE3699ea925Fd6353Bd5C14E2F76F296f30533,1
0x58DbdADFC21b877ed9C6628db25Fc421C1d1566E,1
0x58d5d56573801cc1f2c50785b327E7DF04f78B98,1
0x58D465bac0F2C68A3910C3F96511423de57e8A3d,1
0x58b75A5Fd1F955f8dB6a5E17207E03Fe3c86bF49,1
0x58B5710900811f0818456E481cC57D768548F898,1
0x58B4f8CCC7777466bf5844850c5F6B2A8bE61746,1
0x58A6e421E91713283d858f3e6451b1EC816FECDe,1
0x58A339C0f7bA462534908aa88f7cAAA24bbCD3dd,1
0x588dc9174acbeafea0701e17688Ee58e489CFa65,1
0x588487c638877aCa56BF844408365F4bc3a79C8e,1
0x5863b6462120A50E8Cb5Ce5be35b34680C0D23f4,1
0x585a86Fa29EeA5BdC071eAB9666edEE758280309,1
0x58542a9715B4514569E4276B700E360851DAfeD1,1
0x58461Cd81e8d7703b801cc807c6a9a39e267a994,1
0x5844b1923AEC84A614240C31390B3CF62144d975,1
0x583bBaDA56bb535BCBb31877A620A6ff2A25CeA5,1
0x582E2200eB4ec481A65D4b98B0f37502F2684762,1
0x582c0c3fcE2fD47830E8f7366B17651650c3Eb8A,1
0x5813F039a09b7b481646fA5BE5FEd369798B41c2,1
0x5806430dfA9f78879669d1EF4C5A22Ac122d017b,1
0x5805EC51c516e3aa9907D2dbfFeA7F267B1baA23,1
0x5804737f1D036580B409FA16B4E741F7C53D1208,1
0x5801B9db4995c5971530dd1eaabC3acCA86762Bc,1
0x57F31164AE67041a0D6e4c042D11eCb14827FDB5,1
0x57eBe7A4d61CC4419a4224b3a251f7C6307274a2,1
0x57DE4a713EbD751de3a4f9332140C60534B8F6e9,1
0x57DCc966a88b2eC2A685112f8F6995B2A2ee1659,1
0x57d70b1E7097F38773DBC982f882fdd772ccfff1,1
0x57D66142Ca77B269d3206Ad78033f902b5fa31eA,1
0x57D3Ca64F4745B1936E34B3296238246895AECf3,1
0x57D3017DB560Ea906E67cEeF0250348793C05053,1
0x57B2Ec90C520FFe23656B2B347a085ce8Ae3aB08,1
0x57AF825ff979Bd64B841ab525A5C743912abBC59,1
0x57aeb1C3bC806C0A53998ab5215a7a1022faf551,1
0x57AcFF5C9aD9620373a5c1A7393A4c4A8DEd630E,1
0x57A4Fff191354034d7D01b201B42eDb5Afd81462,1
0x5797Dd337A92Ab76a1241F5FE29f08CD294175eC,1
0x578049a334d89aC99390374fcd7FB42fD10b7499,1
0x57786979c5088e17807FeD6a6E4fAa5330D63079,1
0x574382A5dA806DdF413D6FcF1730553FCeFFe33D,1
0x5741bbE4cc1c973F7b002cC688f8969Dc6d27458,1
0x5720Ed1ec4182E6fA41D69DA5e8bD3a7EFA9B991,1
0x57126cD4fdc15116EFEA179EEDF65bCa2E210826,1
0x57121095eC8E21Af62a4D76B7f3d5EA60fF61849,1
0x570573bf1ac116662DEA0A311053Dc6f1716A727,1
0x56e3cb1F172aa2aCBD1B4f6077068Ad93e7A3D77,1
0x56E32f2972598581c0cD5cfA9bC6c40cd84D96fA,1
0x56C9656662fAd432973E8743E1f6D2A79df61a35,1
0x569CB9Bfd0dFe42f9FC814904b45deD96bCd3A79,1
0x5696dBc2bbE52c32Af7073587cBB1d2c5052a1A5,1
0x568DdEaC4ca7AC5b8b8d67cAeFbF5bd5b033DccA,1
0x5682E1C190bACd03174ECCd02C6B221Bb1adEe7D,1
0x56541d71bD91d41a02647394731257a1284Ed65B,1
0x5651F7aA54760282505cfF7Bb3a8cBd0b7630AE3,1
0x563e8a53118d426b5D70E2042dBdD5888ac6E727,1
0x563dcB6Dd81eDB8A4B02bA7A1a1fCf3d00e41B1C,1
0x56328FaCbA0Da5c1196a1dF2c0A615a938c5A646,1
0x5629e37d0fB4CB68c42C2e125d2227aAb0e1B244,1
0x5613B5D28E07742018163B5a59BB77008b233c9E,1
0x56063c205244AEC9e420367D831CeA8A310851f4,1
0x560075bA1990ddED3B8Cb49F1955E607999C942d,1
0x55ff6e948244Ba7e028c253ea8be4439D38b4D98,1
0x55f1AdaFe7515482cC2Aa4C8A795e3C4AAE98462,1
0x55F07047d50DD9cfabD35F6d980b41Fc519C9543,1
0x55DCCAf793A489ba5749D8405bA01d674247A765,1
0x55BA87d27b27e911410C1e200ac4Bb3746c83De4,1
0x55948d9fc9212bb0D0602a8cf56954fe8CED18c1,1
0x5573a7B65AC109d7D6335800154Fa99B816D430a,1
0x5571Fe9F44EddA5d55Da966543F04A846dE5738e,1
0x5564Caa789AD35E72b1612D1Bf78dD295b24605b,1
0x55510660354d07b49106db93F6EBB7be484898E1,1
0x554C7bEb3c537125B74AB7c4EE8Aa12785A3b0D5,1
0x554093B5909BE41a71Ef935A8Bda9E357f16cE1d,1
0x55317B239abb1e4eB091fF155f39e99a1Ab2Db14,1
0x5531175bC0f98704Ce1Dc60aEAbfDf56fEb518F3,1
0x551efA1F365153c13ef1F11f3f736ef6B4424B1c,1
0x55015fd8bFB8D02A1928ADC076DA140D38518432,1
0x54F59D94Fc9ca65B7368fa6269BCdB361aac2874,1
0x54f30A7F2A7AD79381D256f5Fb7d2d93aBA72aFF,1
0x54E5C66601b8e9386f0D74b4BD2932A3CFcDC833,1
0x54E3c18C2367Ce4FA1478645679696496426370b,1
0x54d02E1e2aE11f59B905aBFAAC8287c66b68c60D,1
0x54af12D04335a6cE617327EEcB88e0992e371D8B,1
0x549C27e27F7f80Af6F5B0EE991E09372eCb11020,1
0x547b36d8577263617B9E7D93A5e2B0c883914056,1
0x5474a93c5b263AEB095cb283785E75FcE39e2e9a,1
0x5471A94a7caF2bf5dE080b397d46e4F795cEbb6D,1
0x546Ad72Ca4a2Cc60b7053DF7aCBd440B2a41B57e,1
0x5469a029dbf2138723eD005634F4Baa951b2Bc8f,1
0x545a64FcabeD19BBf0fbbfE6020FBCA383886825,1
0x544EdFfeC0CA3E0646A2F38F4B87b21BE8B33eeF,1
0x544E9DDf1b9B82A44EC257a3c4Fc639631BFC89C,1
0x5445Edaae21920Fc05df88707A0401df269A2f35,1
0x54397aA0F006B36367641BfB9D7A9A0bd9Bcb474,1
0x5432e6c44FEA2F15576865db10497b5F01800EAa,1
0x541CeeDEd157F6590BeFa1b6A34ab87bEda66AA7,1
0x541CB9a14dFfEab5930E094EC2656F77b7119146,1
0x540583254046ed102B64DB6417D49c856bee071b,1
0x53ED2Aae898aF4482C1aa865a17C2DEe9ED39efA,1
0x53afdcfF35029B6DDCc8b742B452e4F99CecA167,1
0x53aB4B029E5F8AA261Bad67DA873B465e590541D,1
0x53A761A3fEa74296cc5DD84Bd99CcdC948C86537,1
0x53a41265E10f66C987fb2E55A48939E1C50f3Ea4,1
0x53a39C90f2B0f4A6875cc41468CdEB05404492d7,1
0x538FdcD3635e4245B1477b60BaD3bbD9eF1cEeBb,1
0x537F4aD2726DEdBA5CE386a332a17bDbd789df12,1
0x537e466B329f5F439059e69AD8d144637FD461d4,1
0x5350aD1434e9028F381b8dF608A7c426be371aB3,1
0x534D4E798B2644266E4C431545925aEB2cE764bb,1
0x534B4118c6A12cf98dFf6555AAE94b4642a4caEb,1
0x533A0Ac926B3Ae6feD4A4C96C3973FB025d82b0a,1
0x53287F2db1802E3F05AFF16f394D0bC3d8BAb749,1
0x53144384f3425c985ca395fC4474819274252B54,1
0x52f2099e3ea313A5CFdb94e30166Bbb68C4e9e31,1
0x52eD698E9fa729328B2A223582985E35831Bd696,1
0x52cE8dA76D8Dcdce46995EE379b957440B35207A,1
0x52b772720AFE9d1b027B939291A20061aA3077Fe,1
0x52B26D9B0432023B24f3c29b6Da4610bECc7F754,1
0x52a6Ee7a0DF6C541cc7BFd66AAfA45748A962DA3,1
0x529f786B6cc026Ce88EE866a0De859283c216E50,1
0x529D67727CC18Ed45C305bd2517D674A81923B3D,1
0x528a8D3eb846D99DF62895fC9DD847c529B9a919,1
0x527E68210E9E9c5471EB315599F1ef405F0f2865,1
0x52778244BDDBa2A027EF3Aed13Dc09041c6AFBc3,1
0x52542FfC9120723Ac5BD1E7b6B2DA9b066621Ae3,1
0x52538f9EFe4F92702606222e04452f4Feb4e6a5F,1
0x5251017A65283ECDB3bb402A5e0009F1973e7Cf9,1
0x5248C16A765E33A5b8B52931Aa4A45779D9EA635,1
0x5232730C68a1e005217BcEF964BD545804b36C2E,1
0x52261033F43b76fa09f01b56eCF42189cdE525E3,1
0x5216360f3dB9767688ceBc7d56fF1838C9798bB4,1
0x52124A0b11339f66E60dDf2AA9BbC2cCCAaF3bc5,1
0x520fa903C1BA2dc0718e187BD14167Da70563303,1
0x51fbeBf1D03A7A8F2e56775Ce13Fe43d5938371D,1
0x51F7F350d7c5F01dDaDC9e724fe187148F060Ea0,1
0x51F6749Dee3510F983C15B7c239CC6df4e4054Ea,1
0x51Dd93b68f513817202a7E8132B80A477DB99bDe,1
0x51D3BEe0c6546D5F1cC5CDcBF278f99011C58c74,1
0x51D2bF026Fde1Ce087c178d9cE3F91FdEbF054E6,1
0x51c3DFe5E71b50C74031B6e0E9650407edC4F99e,1
0x51bC6e879f49C3eF4AD29dC0ABfd5d26c3e77886,1
0x51B84DC066Ab16b0f16C84C6B5b984F454248A70,1
0x51ae7D567EDc9415E44EBAF3C55dc2E4d6742EE1,1
0x51ABe5aEF08cD6FD8Eb5536c58ca54357Dd3d40F,1
0x51A7Db10b6181459860D178C5d6788C54Cf01EfC,1
0x518983D95c78546aDFDEBf1D6f84A1209B07D60B,1
0x5186484578452cbD0d31325d8fa3FFA2EaE1a9A5,1
0x5173574550054a05EE2338397beaF50C20f3B6A5,1
0x516ab23e16CCcE7953Fedb07d4d780a42a562Ba3,1
0x51678842A6B5dA52eA6F6408a2e020230E0BD1A7,1
0x515d8769030a510461A766884478cbf673E1F2Ac,1
0x515af9AF281C4cf49D75584e5d23A8C76113C950,1
0x515A82d709747b49BB95BF4A981D2d6a94a67FFf,1
0x5159dD11378Bd23d800198A7e2C3775861B0045b,1
0x514336f4Cb28A1146BE9eDBE47d4D94889bA9AF5,1
0x51421ac4FED348058b8721Fd782d0c7a0b70Bb8E,1
0x5141D84Ca6ce171a4E59b77304EF714ee5163899,1
0x513661f9753E4B4CEf3Ab635ce5C5AE0440E5244,1
0x5126fB50ba68D21B07a0B0aBCCD23eAAc6EF5848,1
0x5112996d3Ae99F0B5360CeA1A620FFCD78E8fF83,1
0x50fc8d1d8dCA2605C26A3a8274A5430132E2aF13,1
0x50e49a3237454e3538bcCCeE025282e30E2C509d,1
0x50D41fEe16049E99a2375d6028ADC03Df371566F,1
0x50D2DEC635c48f5E8CeDE341Df87c651c6cD5318,1
0x50d0FEFf8a429E0587C07c9518F2bcE36DFB2fa8,1
0x50C57c918D52042bbD94b92C34E27DBD7c4b37cE,1
0x50c3C472A68006D9B377CA7Dd5EB20e90Af3d333,1
0x50b1f3D353c92a02992c068a5794fF4A2E2eA535,1
0x50aDA1219bBf611990156A31d128dcB07bf519c0,1
0x50a86884Fd3994A63D2C3d29aAfD7dFA62377C35,1
0x50938e91D6BfaF3CF984e9b7B3b3E6ae99267bC7,1
0x5087ABf5B760bB11d71f3fDd91b8059E1B2d2A0a,1
0x507CF4289798a75217c1faDB33D17C64f0Cfb707,1
0x50772fCf9EeacFbee67a8A9d1746cB4240aCde11,1
0x5060d1C09d57Dd2e601fc66a6d4D13925BFfF961,1
0x504B00E16053aD2f727Cf9D1770AA2aF75ECB3B9,1
0x5044cCa6E3dE8150ce4C2D4Ee87dD07D5C22429B,1
0x501B477937CB62A66Cb518e7deb919050fE3F8d6,1
0x5015E951C9C2C5e40a1885b53737968E61040ebf,1
0x50049070Bde233Fd960Ce595CD2e4d8CCeaaeD80,1
0x4FCE4ebD24aED2390DFe8D7b0c0679D12Dd0Ff9a,1
0x4fc88b308723E5ff08003d696aEd714768B359fa,1
0x4fc130EaB5417733995bF403A2d24d1008523043,1
0x4FB935175A572e2F0e265e0CF8fb76fE9Ae12DbC,1
0x4Fb8c61833C5117774093437F8106aa412c6aa88,1
0x4fB6976c5Acd768e57ABc700E58296EAaFa4B20E,1
0x4Fb5537b2d7B64A1756167D0fC3cb77745b0014f,1
0x4F9CA258d0BAC1AF3c23b96cB64f40FCdFcFEE17,1
0x4f9BBD8E5BA85ADA95A7bF089Ad34CfCC6c5897E,1
0x4F69627d0c5f58EEB45367c47A22b7c41eaEcC5f,1
0x4F5723979a70eACd03155a3cD0596f40Fe2fed46,1
0x4f49D938c3Ad2437c52eb314F9bD7Bdb7FA58Da9,1
0x4F459Dc2A1DAC3Cfb64DC5DCEbA6Ab02D8E1FC1c,1
0x4f15B0c133C4068F034F5D1533e9A6758b45c206,1
0x4F12dDE972145543854482698c0c6b689908C1c5,1
0x4F08bbF4F0d878965F3d6c266803d297e0c5686e,1
0x4Ef881b033123794dEB9624767EF70b4519C58Ba,1
0x4eF72636664E3348791357588b7d3BF61d29f4DF,1
0x4eF60A68bAce11F581671A162F222204fee5d9B1,1
0x4Ee5DCAEF82Cf491eBaf810318191e0AF961DD0D,1
0x4eC7bD7eD2C0f59849Be07C4207f5BB2a05C3Fa8,1
0x4EaC1E3e72ba0819d0796f27B960463951962294,1
0x4ea7319e98549062078f425CC66f939DbC916f3D,1
0x4ea3a735a56FC6c499FaBe20D707Df788fa4ca2f,1
0x4e96CACfB7cd75ba46298e11476a3df415BAE5CB,1
0x4e922306db724e3F02a08d720cc99D55b08f4525,1
0x4e705bA5B94Cf12eBd4E26e425eAD9EFdB8e89C8,1
0x4e4a73a52055B8e863090A11583ee85bcF79ecA8,1
0x4e3c43c5af83a1AD48563877707266d9e6Bcde35,1
0x4e3be30D17F2373Cd9b42694C1675D0a14b1c08f,1
0x4e1F8E3c4Aa52D77379535392e4F272715255B02,1
0x4E1851c14d17aCceCF0B20e356C5E386E7DB7C8f,1
0x4DFeEA360A7000ef59F4182824b17654C169886B,1
0x4def04c1Fd172D70b9EAd74C22314e6be624c64b,1
0x4ddbC068D862d45BcD91A1cFC70A6C4DAb6e9786,1
0x4Dd6BAd8F25f415FBcE79120115F0bf6C1fAb4B6,1
0x4Dc48607A7af5a357A0DD4b2643637B5a8a45498,1
0x4dc320571f9C8EF6920e8794EC991294619aFF6f,1
0x4Db84F60b955b8B6b1d5596b466b3B2F9841A111,1
0x4d908972cC6888f6E44b4F19e7b5A4a2d4a41FEB,1
0x4D8374632A9303FAE450aBbfd140d2d6a9AAa033,1
0x4D7f8Ff44E68524bECE85DE768D2F5a5762B4A6a,1
0x4D758ef9c6c6df2D3C71C08d07c8f3ee5eaada01,1
0x4D7060BF9c0D3aE00a1F478E5656B751418D1fD1,1
0x4D621690E1b5060BCA7D901a49c22A8076548151,1
0x4d4DD07A3d5482dD452DC5f1f56E271f51B61356,1
0x4d3F876fBc0557F7Fb3db70046AdA29A33026BC8,1
0x4D396974C5813159c704e96acdada21Eb01005Ed,1
0x4d22e7a4CE49bBCcF6E875C0bF2F3A557a5a1119,1
0x4d1a3078De8c0441Ae125F1a0965532aAef7e526,1
0x4d16B0e86d581B049dD4C5Dcc1682973aa22f41D,1
0x4D029f0Ed5603Cf2944A243330D59e37EA1751b4,1
0x4CFa84958ec994fC0f6A4772a049CCa64C75A196,1
0x4Cf964f8C4E08e23db364b5a9D9Fe3a02f78002D,1
0x4cEF52869aacBDB295694Ac8f9Bc9007EDbE1D15,1
0x4CDD7811CCEdB0fFd3808B586bcafD6AB0ACb313,1
0x4CD7DeD47338E29BB13FA3314052Bf87047bA261,1
0x4cD4580F0046ddE16588cAA18B31aE01022b6a67,1
0x4cB75146e98562C9d79b31649C6C739e4DCB7CD5,1
0x4CB01b6672bc750821af952ec5A2447fC90195b1,1
0x4c7a3aD8B1315fC91990bC64F39156C793af3feE,1
0x4c75b5B9c2bF46dBE9Db9E477F40514FED66F382,1
0x4C7455C46234DaC36DEB975AF47e504CFb2b738E,1
0x4C735538FfF14605A9ECCc1c31136542a3D3e73a,1
0x4c7324A5af569E8c7D492317e1c355bC91152446,1
0x4C603bB0785B43336b9AB9b4a00D0F0B8dD301bD,1
0x4c55C41Bd839B3552fb2AbecaCFdF4a5D2879Cb9,1
0x4C5526C6D80ac6E678655B961b8E582430993ef8,1
0x4c545f13E646B688eAd3b160667d637a69191EBb,1
0x4c50cd6934f10748bf74Ea34aDAB9d142508C200,1
0x4C44a745872eDB5Dc1243436cA4DBEf301879a7E,1
0x4c3197F6ecD63bD131C00B37E27c6B1538bA3fd6,1
0x4C0F3359A4Ef3a4A2BBEe138A34777C102E40848,1
0x4BF40b68D352772388B841D437f8F8626aBC7B43,1
0x4BF10853Bbf2214c099CbD272e7019d58490e634,1
0x4bE247D20B3cB51401896159AF4E28d40EfEE444,1
0x4BD900F29B1aa6b4742ca43086EB7D8d9cE6d47D,1
0x4bCb5C99e652cD7171253515614872988aAfb4a5,1
0x4BC25e893c71832751603e2570bBE841C503a6C6,1
0x4BC17eF750Faf30643a1D17E31D35dED59Ec086F,1
0x4BBa504587d11f490C56ea02E53f77eE7AF50783,1
0x4B9bD2Ed0fBFC1574bb61DB4230C04aAb9b7AC6f,1
0x4B9a18a53d51d69411227859373a036017623708,1
0x4b89d407e366d948709df4c5CfCf86F78933c693,1
0x4B6c8ce2f1C4F0b0B3A7eCA2843991b6c2D6b313,1
0x4b60756b6ab1529E50Ea5b09d4c32947FB407f7B,1
0x4b56eC9bDF1E2742602F614d58dC3d60D8711634,1
0x4b40eF6548dA264d7490f434C0B43398cB35F62c,1
0x4b32c230a22E73D6Fb30395Aa88fa51e1B96a19e,1
0x4B2DfE3BFA39ab1AC28C2aF401E53c6a8Ab16CA8,1
0x4B1322BE4B15CD144A0786E5F4Fa23db94030159,1
0x4b0d943Db80c0Eb1ea16cC83f3E742aE789209c7,1
0x4B057848C4a113f12fC71ccB5499BfCdb147F329,1
0x4b040a88cB4Edd02b97F0AB8C97d3da540FC2Cf0,1
0x4AFC6fAFbe1cd2B4c074107b86d2FB95C4c76abF,1
0x4aD803f78eED5bFb3401339099262fD5cFa31ec7,1
0x4aD0807122c94f938e15923591275c9c7F680570,1
0x4AcF17F1e88209646fDC40De16E82Da900070d1c,1
0x4ACEFD389eeBe71Fac642bBd74D6726e31d3f631,1
0x4AcE86222aC1607f875Ac4FF696C21D235Dd9dB8,1
0x4ABb08d8a702D5Df336E6d0d0C440b583630b283,1
0x4A9947E3c5Ba5c58709fEc6177e06ceD77522Cc8,1
0x4A68c7a17a136dCab55F02c735Cf67AB135a0bC1,1
0x4a4404d79268C4e25222da1595a91B977249cC01,1
0x4a2e2f3c767e115ae64a50d69CF64D8A5C82A2e0,1
0x4a22F0CE967d5c4F03ec18223cA1263604E2D8d9,1
0x4A1F8D6B928269561ecee07023cB322cB72eD8C3,1
0x4a18cf6b3b6A224d69DFF2D400De3Dedb4a04fd4,1
0x49F63B254EA9043E57678C13E06Aef257fab45C1,1
0x49f5Ca29D3C19CCf2F18DB521DC409Cc078b3eea,1
0x49EDBF0ea22ec24989A38c148C666A64F6Ccd0eA,1
0x49Eb67A9ADBa75A38181f9e69A6954230b9D48bd,1
0x49eb578be25160BFa4fAD68cEd88c2602A261057,1
0x49Eb2617cB28A76FAe711C3119B5E6022681036E,1
0x49d4e9Ab3B5bD751672c3aBac5A2730b4fA02a6b,1
0x49cB8a01CdC79770DC70D698225c8Eb6460219b7,1
0x49aDd84818D204F7FF6dEb336785bF01A5687d22,1
0x49a26f90509fE18441aC466eC9Cb0467423F62eA,1
0x499A82608DC8769587f77dd0FAB78ac458a53E10,1
0x498151a4B30b6Bd62a2bd37bDCDBE8F17FA63e7c,1
0x49792649E34EaC3e220142ff0b536A759b7F609E,1
0x4971baC43Fde385EDf39D49eEbA73bb6c93CB635,1
0x496E2Ebb17D81D9BCdB97B75980b952bb9b750B5,1
0x494c596B2ACeC0BD821dA0E33117Bdf17775e478,1
0x494982CA65728AAd321b967184a20167294a2BbE,1
0x492f3Cb1eaBB2cD03D823078FB82B4eb52d6b7f1,1
0x4915E6e20485B450398df29C468F5057127F3Dd5,1
0x491318b4A769F2d7a49315317B73543139069650,1
0x48F8f36d0F4EB138F02B79aF7c7c1F0BcD3c5d73,1
0x48f7D45FA696Dc89fF4f2233B25490455AE19DC2,1
0x48EEB331Dd43445f320A22B69D623D661060936f,1
0x48E0D2C4BE37C9D4e971597FBaB155B6db4736Af,1
0x48cf6fAfd97d0E511a7fc3356fcfef47b748E17B,1
0x48C805eDc02CcE1aE39b0E15423757b1Ccce7732,1
0x48C2013559764c74aF1eeDdbd7f128D4F28Fc25c,1
0x48bB7bE78BF42B6EF13Fc3416519bDCd5fD285F4,1
0x48baaD3896c0A49DCfF5ed4900783134E08eBA70,1
0x48a907E58f06219aAC08ED6adeDE7Ca04d8fdA21,1
0x489D69939b4Aca357f630055e351A81F1Fbb7Fb6,1
0x489a97C4e3b5660F337Cf1FDe56801ad755F2e85,1
0x4888afDba4A4f4c74dae7f4860146E4cc41A1615,1
0x4883B31b830C87e0F40764B8eAA05059B743b995,1
0x486A35D7A5Bdb37a1024a4C645125AF63A72A200,1
0x48633B65eB4c12ab9440b0fF9D455B024607A221,1
0x4847bF1C9232e6Ebf2929E7fd5E31813E2Bb90a9,1
0x4839054dB0269E73E8c76A3dFb14FC33D31A1356,1
0x4831DdB6502ca45dbEEDf58B47292061Cdb6050B,1
0x482d63E4fd5bB78A1957bf300aFbc49286eB981D,1
0x48002082CDa92A7e3B87d022C95228f1Df8598Af,1
0x47f38EbAB9594AF1653350D710E3624AEC98eA24,1
0x47Eea3B8BF4FFa919E5686c23aB18dD075a8a393,1
0x47D228fb786BB14117625147f1055638F46b6893,1
0x47D069eD977D1D689d8d35059bd518469d6b8958,1
0x47Ce37D857753E355f6E8b0Eb4C467409177D173,1
0x47BAD4F59290c70a2EEC293370BbCd127850477e,1
0x47B1e21925d4d1aba1BC200AAc811619D85Ab48D,1
0x47Aa85Ac4b5CDD869743E9fBD918E4ce7cfE9483,1
0x47a617c15a35529558bcd8d950C92425c368E116,1
0x47a2a5A8950dd410410f0AF03Af0964cae6Ffec4,1
0x4796eBBF81fCC031BD53190C087E5B0bCeCD14AD,1
0x478386C5993639c980249Ce3a50740e2C0845Ff8,1
0x4770F67Db9D09Ca7347C1fCcBf3795A464065eCB,1
0x47706c58602B33f876C2495835B65dC8cE603938,1
0x4760b0285C5933ec0963b7db15AB7bdF10AC4803,1
0x4752428dDF2e03e7B9eAb8E4dB2F6858a067D4f6,1
0x47444db9d70eB322757b87B98110eA0391A3fA8F,1
0x473F2d4c0e3D598a444D67Cd400434B7daC34E5c,1
0x472f323bd0099aef9fFbf61fF060b2AB9cEeC345,1
0x4718D3bf15de81DC9d47C910B589e4627e02351e,1
0x470b9e148eD7973acd4CbC99931AB1d8aD801745,1
0x4702FC6F48026f06Dc4dE80aAf54bDa3B3dcf9C7,1
0x46F1A05C93feb04EA73B864A655dc2d80B5Cb79a,1
0x46D7ACAD8CD02d1E6497cF0D6283Bda45cc31892,1
0x46A116eaD56D0FEb0E7e97B7AF83C6185Aa259bc,1
0x469eA3f79c947f17f51546bF48976F052717a95b,1
0x469d0809ce92975c3cB064F43687bBEd3C8Bb36B,1
0x4666f367D9C1C69c003c3656B049B37be70095CB,1
0x4662B891269e2196E67CcA73E4b7812dd91C7ae3,1
0x465c63680F2a0B4277d9b4CEcC3f3310e531A77f,1
0x4658Bed68aB3813aB6Bd609e3F2067752A5E9227,1
0x46362F584Df307fC5a4CBe4C55e20be7B389F9DF,1
0x463470955C61a54210b5dDcc20847cC325A2FF38,1
0x461f756B6C941bBe2D93C57eC6759602cfe6f6bF,1
0x4609f69854dD0931436509a89C15E6BCe0588Da5,1
0x45F707E26A18547192820dcF01a05aD2712dADb4,1
0x45F34e397d5ba90a362209F9bcc8183b47DE1123,1
0x45E9f1E18921C7AdAa23C567c6c58778bF23ff2A,1
0x45e5b40117776FB95110d662C463e3b07339FcE1,1
0x45e3F5540b037c3BB32aC166e09626Db1ABb2f1C,1
0x45dCcC1C6c6de1DeAAE603Ba627c36Cf857fcF3e,1
0x45C46b0d26C260BF6566B8b925f50Fe119696A49,1
0x45Bb640950a8A7215b1c1d210e82E1DD23226CBE,1
0x45ABFF59e0bB48D9920C5974cf4ad2271b7508C5,1
0x45828ef9A88AE6001DA0e300c66da85BC2A6Ed3D,1
0x457a96BB89BaF897451aA10431EC6A72d95087Eb,1
0x457A223A59de9F7311c5d9af84bF81eF55C87735,1
0x456Ff038e9BB0F8Cb457173d4c69a57ed9642906,1
0x4561a7E44Fc5E4207bC41614C8866Bcdd1785d01,1
0x454B0b8378657940440A36E1C5E4CEe397709606,1
0x45497e4C3f2E18Cc2780923C9A4D7D7D61053BBe,1
0x451fd7aE26098ECA267483177D2b354bf6e04bD0,1
0x451b30eCA164F55Fd01718d168184A72324ef9dF,1
0x451aCB8244A26d8F1D283Fc3Cd30A5edAdfAf141,1
0x451294558b1b91C3f99173F210b38Ce825170Ba3,1
0x4511c26588a0F02b0f78F3A706cb3Bd50763171f,1
0x450dE4B3d03BbF433fB16d9f90af8d2F49CB1a0d,1
0x45082F8Cfb86C7b5EEDF4cc8fe061D016727093a,1
0x44F2dE10dE79D383FBeBBC402944426314A597d6,1
0x449d1C6DEb5a43C5138722e99c4084E5AB864746,1
0x44852361ebC5FDD8fEB8c35CcE3ff7D0C7A35041,1
0x447676cdd061668Ca93B74038cD51512B77cD6FD,1
0x447657D8e9ffD9b911F3e26F4f96417d9bC1a574,1
0x4466CDa36629FafDcA8814b64d083369A85FeAF0,1
0x443c7E81d35C2EdC5f9B3E4f069e14a55824E2C6,1
0x44311a19f5D82eEcAe5E4836b49C06AB2cC5Fc81,1
0x442E78E4EABEc23CF36107980759377E820e5399,1
0x441eE75085762664B6c4269d0F20414e56CB4a37,1
0x441EC141cb9462453E73982B4B2BcE88D03c724A,1
0x441ab19CA18e2ac246D94E732a5bee556539F205,1
0x4417d31ea422999F5602F86688953971a320dd6a,1
0x4407AfAc54edC2215dB4252995cCCF7946Ef211B,1
0x44043f51c6B1D560E8947c733D856E7c86eB18fF,1
0x43FA5A51fF9125224666e7E44F8e5f008C073499,1
0x43f963aea89bF704B74696A14779EC12f0E37A8e,1
0x43CD8bAa8A0d4844E7670Ff65cc9AC812Ad8f1d2,1
0x43C9673FEDc40325179D1a48c81902834aa6d1D8,1
0x43C8433545b5fD1478CAf6F887B5a32E65EC525a,1
0x43C68918B2A4Bc9ccf6C6442C088C73Afb3d3235,1
0x43bE18af2D969AE6c58D14153A397b4a4bbF462e,1
0x43b8D78925c96061C5905f3f2f713E9823dC34E6,1
0x43903058b0C3E73211ff985F51B672fB494984F2,1
0x43831CCd4D1adE29e185b249c356Cf5367350cE2,1
0x437574946e139D9ae2F848407A889236e3ddCa61,1
0x43752445a719150e427FAdFc3a55E2A7f7c46EA4,1
0x4351b28c70FD7Ca621e0FA9A977ec58Ee89d2e81,1
0x434735BA8fC11521ec3995D9266B1692e79Ee7fc,1
0x4340E4087015B05E962e2877Ad85a900083b9CDB,1
0x4325708EC1f246Df99B99E079314BaF1b4b9f098,1
0x431c6E72d168336A761fff12DebD01956E9CB6A2,1
0x431b5DDB0AcE97eBC3d936403ea25831BaD832B6,1
0x431564F035BDcE4cbbCb6e5B69D1255C3087f584,1
0x43085009644704E493bd866D77f55F3287fb72aa,1
0x4301Db2b6371AE64Ee05Cf0B374e0987b82880Fb,1
0x42f4FB4A30cbC8B38490991188E5F020Ec3f9FD6,1
0x42E9ADA505f9844dD10978967D58350eb733B0B2,1
0x42Be65310a59e2B61Cfb3EC8Dc14880f5aa882DD,1
0x42b9dF65B219B3dD36FF330A4dD8f327A6Ada990,1
0x42ace0F534583c6692812aB1123F095D5171ac10,1
0x428caca266fF66F1470403bBDbC026BAaE325600,1
0x42805f020E1b7a32f23e859CAA60bAD0b74E01FF,1
0x427A33234FAacB6B3Acd1A5a27d9f8bec358e3C9,1
0x4268b478E47c343Cdc8542344b1C30bc60Cdebd6,1
0x42682968494b4202742774E0fCD914f4DDB761Db,1
0x424F94Ee5D095e2eFAdA60EC806A4081cDEEedBf,1
0x424514B794A1429ee74Ec1909822d5e41Eb308E5,1
0x4242c91C1dD95d7b60B97A876D65cF92d691427d,1
0x424007C57b284B7c29A5Ef5372beBf2ecDa117Eb,1
0x4233123166FC24F438280D1B423271F709630813,1
0x4227e2581eC746BC91Fddb258c7a29f9E06A9316,1
0x421B41F043d64d15Ce4E214a6f09cc909a8fB862,1
0x421926f6D0390788b7580B1856a08a2440E8b737,1
0x4215a881dfA38fA2FAced28778c9366eF3E5FBb6,1
0x4210fD4fD4402a1fC4Fa4f2CBd5a362653Fa9aB3,1
0x41f5e833740CA4ff3D238766caa1245f2b2c6e7E,1
0x41ec28eceb137789032B2B505A57c1dA829934CD,1
0x41DA2397b493fD5fCf8EB9F81c1BA838D9DA6563,1
0x41C92Be73293302Aa473Da1a196b2ff336bf4059,1
0x41c75dE9837B49cc34Da8374FE45E8a104b5E37B,1
0x41bc32557b1481Ba0e1fEa5a1115313C6F943c69,1
0x41a966dAc5E6853700F49330eFd7287f83a5c03f,1
0x416F603c8Ec0b79AC35Aa5f8F6723596DD6539Eb,1
0x4168D958C147b626c16C2e6B3124B4412cA7CE05,1
0x4160a562147C4C71c370ecaA3113635FC7080eda,1
0x414C2F584997f5E8FDDB1ecC465Fecd3283249E8,1
0x41406C40a9348eA3aE86c05ff77a727dbd398d55,1
0x413B317B0Bb5B177055A0535B769f20EBe96d578,1
0x4132D9B265D9A12353649Eb93C0F96dEFB52F47e,1
0x41152ed9BC3585C8f752176601C6922748DD7CD2,1
0x410a6c7D7E4bDf6b6E8A63614c8ff30BB24fD72D,1
0x40F7E194bA525BbF6eD7E773600ee9f5682Aea02,1
0x40F246B34107D24c4aee32cb0eA81e10B1dA47Fc,1
0x40EbedC2C9906966506Dcff7d19f2c3876030102,1
0x40e7C763e5617b491d9551770667C0bdFC9C708A,1
0x40C6Ff2a72072659E769873507216Ed54461b41B,1
0x40C09F56F0c06C437b384652bFCeB502003d73EC,1
0x40be32Cb2e43328690037968A5AedAf862E8D613,1
0x40A9f498106F310EE2E33911ea3C540A6f42278F,1
0x40a033A4A0bd55f51CA6E3211A54ea2707025FF3,1
0x408E66d9886F7E07F25473dC71dA9Aa7D7CCECaD,1
0x408C84C59Fd8f6d5E93e0041F69e7A2C89636E6e,1
0x408570441054B712a9F8b4c96101915C75e3f044,1
0x4075258499600aBF75795855378CaA7c5cf06cfF,1
0x407365d2900399309C99Fa8ADb821Da857342c94,1
0x406e6AcFd3B4e419e011bFeEB50DaF039fc61213,1
0x404fD40245c445B714bbc85e09037f8f15A50ab8,1
0x403D30FB89d5411c6B2572707F341204Bcf0FAe0,1
0x4025927c3892493129Ce46282cEE4893A5B3B0D5,1
0x4024c5268359f091F57B735889fCbB4d930944Dc,1
0x401Ca4B12CB8AC39dD6794eB16B5b5Db3EFE5987,1
0x400C83cb038cd27f0d0f8EBC1c1256c09a662AD5,1
0x3FF49e3fD1b8cA294B0d2649012dAB5f321b72F0,1
0x3feeA98D2181C531bc0b13B111fb68108DeB6316,1
0x3fe17f5955e4BaD9AAfC781BBC7cA3e54B158f80,1
0x3fD9B284eF8405F82B05062A99157e938103Bca4,1
0x3fd1F6dF92cd133614A066e71656bA6cdf530dFC,1
0x3FB9045b93A7277E16550fe7cbA09cb0EEe4b17c,1
0x3Fb2836C72142Aff78432C7505FDCed71E66459B,1
0x3FAc67f1834AD4f0A1B91330720d5afDA8e66544,1
0x3FA455A4043CBB00A72320D6b7d656a85939A782,1
0x3F9DEc537771bfF9e448B17d067aE8BBce8095F4,1
0x3f99c674e0D76c77D4a90a520c9055ca81C39D1d,1
0x3f725524c7b5Dc77D5E60BE3E15c32f9d10d3201,1
0x3F6e473d9457452952026C6a77eA79A469D8bdd3,1
0x3F5a17Cf2832D67d0A900df9a19245F6119baAc5,1
0x3F5868d0218a2ed1cB5054ba4Ab73B678F504583,1
0x3f55CBd5a283900C1029edFE36461DFa0D845599,1
0x3F53Adeea32bf7a4e8cb196E97401A6FFF1eB937,1
0x3F427047CF3a8C4ba26dbe2f508B7048943A1142,1
0x3f3623c56Cc427Ea34D37086A14869957a036a17,1
0x3f2ae751d704A3600b24002481eC6aa49B3260bd,1
0x3F230906D2C7E42Fdd6B53F5f20F95647995c045,1
0x3F04f857948020013a4bc2D4E4F5943C129cE973,1
0x3Ef0430C20044Bf343E26edFdD992C67807cf64d,1
0x3e9f88bdbd46c06071f2C9F1af893DdB6a63F02f,1
0x3e9F44209e3217a81F7913a6CD910B9a379A7895,1
0x3e813FAfD21B1BFC1bF59Bf07577DB39C271E9A3,1
0x3E7BF60D58D0Bb60E8342944662913A2B9aC2630,1
0x3E68FCA5b47bF0510DEBB0fa95d51c54B032A1C8,1
0x3e5e6421B08667d7c06f79B64F096E07FD2e07c1,1
0x3E5662e3b3F63e51B01963a2E1550A3bdcc3284B,1
0x3E0e084DAfED06CA83874c0984A267F8FC578496,1
0x3DFac1503E5dB46E6076aFb315E63ACD0604a48B,1
0x3Df479876D2FF2Ca462250C78d19F451b460f062,1
0x3dDD9f2e9bC51E3C40DD94C2695C3d3e8910FA7E,1
0x3ddC07ECDE02A1D92F70e88551d9666712A837F3,1
0x3DcFEDB9bbee33A21fb7A7ed466192D4c6834c77,1
0x3dBD7654a663A7BC180C00D2814B71CEe80B0c3C,1
0x3D856B23b8A960B2Dbd377F1c7954AFEAF7EA556,1
0x3d74C2aaA91E36177e4f674A79bDBEBce7dc00B4,1
0x3d6b613518e38a8eC66aEFc4B9407C8efA64e87c,1
0x3d374d41A1dd5Caf1B8C032cEfe7463c4C8dd71C,1
0x3d312c38d5cE5205f6E9791513D21A0285fc0dB3,1
0x3D1E6c85C4A2C683373c2fBea7f08139Ba8f1cC2,1
0x3d1913ACF39C5F50913AF30b7Edb02F7E21D25A3,1
0x3d0c0b5f6C1fdE220B9c22EbBE9797cEF24A8CC4,1
0x3CF282CD2DF98D8589598fdE938eEcD1Dac9671f,1
0x3cF08797a7A2751ffc2a69c165BEc8f54d941113,1
0x3cEb25F1BadD64fc042d7Bea5e0C59A25888fef4,1
0x3CbD11B273945344a7CB642D4C17b9434A23efDa,1
0x3cA7E46c70412CE4898292f258D6DFF7D15B6262,1
0x3C8C1eE508C6e14F1A56A46775788B8C77Cf15A6,1
0x3c7F2Ab002111Ed02e267107dEF311900ef0F085,1
0x3c663D6bfEbD64B4F95a3B0121DEBC62FDEdDB9A,1
0x3C53B51942d2ca77a9C10d399b61C8945AcEA0c6,1
0x3C4537498dF45d4998F544F8C9409472EEb15d0b,1
0x3c3E5b9339339A7313710e809c6aB6F083Bc1362,1
0x3c1C04AaC45BD115A140131c40fe6d88090E6a66,1
0x3C173E3d1E6eAf8f697DAEA05a39Ff0c067743a4,1
0x3BfB7D459D24b6714aFC0c04A9ec79a16EFE9F92,1
0x3bF124372c36A8a946010E4899dD45586D82c481,1
0x3bD27B031D4bb60F22Ef3Ec7a472F6e4C3c5638F,1
0x3BD21b822f6622DC4439EEBD9F75362C5a8538c3,1
0x3bbF8D701f5356EA9d75f7A3892972b27D99AD47,1
0x3bbF020BF3b4dcf5BcF4704C71A1D9D3017142Ac,1
0x3bae0F9811fB3869267CaFf8B5a1bAF00a352935,1
0x3B9d94ac6a310B72D660853294cfBD0E5d459Fa9,1
0x3B99d2D37A1C4c045cEA4242B7c3c68571B2b077,1
0x3b96f28e3B45a19FA3e89232D0680E54872D3d58,1
0x3b8A5303b832756Fe7277129a23d61AE119268e6,1
0x3b7f83a8859E7416a827bF49D5d3e89ff4EaE0cb,1
0x3B7e93200D37D838eA466E8ceD97752a6DFF994E,1
0x3B7b78B0c4aBf6A639DD53fA23a6Af682858c762,1
0x3B788d622F7E7965a33a2bC173094BD51a901117,1
0x3b78637E124f302cA73257Ea6bABC705ac0208dc,1
0x3b76043cAe2E304088CB13fCDD2F4879E40FF9ae,1
0x3B751dF1ff464F2c3A15344869D9d68d7f0Cd826,1
0x3B6119e329bC145a968d12F3C60e29a991479a94,1
0x3b5A21Dc86A0A03d8a355f7d81a73b67a675a8F1,1
0x3b47ea42223C0F7e3fbFC56a3a0979a3c90B48a2,1
0x3B3b03cE343BE5A2122fFCbBB7162a5e5996dCf3,1
0x3b2e2a702C409dfCe23838C1E515854be47eA763,1
0x3b2C439A9997D0f06443f4BA44A3E4959C8854a8,1
0x3B1F17E6Aac82B535488121980e8DED682B8aC96,1
0x3b0E6184024fA350965e77EB658C23E20F7e3149,1
0x3b0bc7b824c6B9CFf8ccee362d9f527cA53cF78a,1
0x3b02038119228d127FD8C660c124f769B8888888,1
0x3aF426860eC8ce1af5Cd76fb4929933acBfea857,1
0x3AEA4E9efD718faACEFB649d0548428b4561dBe6,1
0x3AE6D51d15E17E47A1fEC45aF877406318bcA9EE,1
0x3Ad97F37724Cbd226D205Ba63Ab64Bd04182fBbB,1
0x3Ad2498DF63238295022e4c1D2A993266D8A339e,1
0x3Ab14eb21faa494d3fEE9D8C1Bbc0B8Cc1960ef4,1
0x3Aa0271a0403D00E1c23b55E4da9e1Ea8946670b,1
0x3A987fb830f36e8dFc1111e72ce4d6983E2966C0,1
0x3A8547DbAf72C23037e3F2b623CaEE45E6Cbc3fc,1
0x3A6f0416fB5678efe6eC415c984B0D64E456E2F7,1
0x3A61dC439Cb070b95BFF96E0d5b63cB2dDbF5Ab6,1
0x3a5D48144B5Da6574924D6488670A314FE3C7cF5,1
0x3a55Ac790479bBB7A46F22d7a27B864c1f56931F,1
0x3A49017326c5cdcFa9c98BDd090325e450Df1E6E,1
0x3a44cA8A03A8A8bdd550963F82DEa05b5f80Ab0E,1
0x3a0E3Fa42931fFf0db1a44f62774859167e9321f,1
0x3A06BdcaD90AEBEE845B08F28b3995e9b5373a2D,1
0x39FAbbb43c20532addce22dA4847cF32b51c8EA0,1
0x39F810E56FF34C7e88D3A8ad39EF7592A46A728B,1
0x39e61EC9b520c184977d60C04623896870a7ed4F,1
0x39D7Ae8108E6A6F9fB778581F9778fC9E5Ff04d2,1
0x39D7A890eD8ad85FB4a9447a44573B2CD7d1c26c,1
0x39Cc43B3068A208AE87042F927Fb53b85586C654,1
0x39c0b5A7d5D90300870F23E971c89c1ff03f673d,1
0x39bA472545022e46AD0f9C9F555A1E58cEc94de3,1
0x39afE2176De832BE2A5164e5fC91E27D1355c88d,1
0x39ad146EDb0771cf1B8a2Ce8EC4d19c61c410Feb,1
0x399d98b1a8609A8C2Fc617a5fF2594652aDdf749,1
0x398fe77EAa17bAA7030293a4D51CC16Fec678f50,1
0x398842e07B9F2A08656b22D296080Ea378cF07c1,1
0x3975530781DB64a9F77FEfAF5f459F6d59E986f6,1
0x3971Badea71f6889baeC1a9e1571087A57547916,1
0x3962408f356e3Bcf08724BA80D1211E751faeD39,1
0x395f78FA07383c32FE183bb0ffa8a7E49CfFc282,1
0x395B311F9c714D2989ff3f7C0a0a19740E690030,1
0x39587283AFd80193d5249aE6bC16070B784f0cBd,1
0x395003239f62ddF9E56D2791b1a4c989d8E65b0E,1
0x3946bc29197BF793CB796243109b39b019c3fC00,1
0x393472253EeE6adc02E6aDa6db8D47c43D871750,1
0x392D239ca864EA36F086196DD09D930EE3FC03ee,1
0x3928FA28AB3456B9b74E04156a0327bCB6b14D56,1
0x39232f76A5099fA6F8f254648dF53D5718eebc70,1
0x39174C95592809Ac168E67EE7238fb0beF6BF06f,1
0x390D9a55eEF37581F183aFFf7b0d4f8EBB8D23fD,1
0x390874337702CaE7C0429039B6beDe73430974a1,1
0x3901dF4F75D6b0446C1D3dA2E70122C0Eef7e536,1
0x38e7d02e4a7E06718Feef66a64245f7e62988ef3,1
0x38B6f57Bf637F9cB201087c96259Eb8930D347C9,1
0x38B05766FB7810e96891A90E594dEe3dF140c5Fe,1
0x38aF57582117bBaAfd06EA1C50108e6B154796f3,1
0x38ad20b9f033654EE81559101541F33a992102Ee,1
0x38aC671dfBAfb838C3c59c2b221D291773af458a,1
0x3894E2B49F65190E4C75F6C9F70aF88068f251f6,1
0x3889e903AC79adf0E9c0a75be64852D8bC1fe92C,1
0x38873C13509D36077A4638183f4A9A72F8A66B91,1
0x387062BD950808179C72A03BB21165bda6Df768E,1
0x386739DC6ffc2187FFc64b08e77a31a075Fdc610,1
0x3860938314A8783d27F5Bf42aDa92D20d2666046,1
0x385AB3bD42449B1E7439279d32e0488a7fe00152,1
0x385269696F8aD66Fa463b25eCB59b236763B53C1,1
0x384bc2f37B5423962932fB6Ab21ed7e9DD53c0db,1
0x38443dE4140c744ce9F4Fa72174D65E2A4Daa6dA,1
0x3842dC8B016900BfA274150F6a3D7577A51266E6,1
0x383C7322271b2D885d6037B206931783eFBAcBE4,1
0x381837b7B0EB014Dc0aBECD9724e7Cd866689d5B,1
0x37fC501E5a3430aF133c55466cED4b34470003d4,1
0x37F389d3A052AE08FAbDaa8D343f6b2D30d594C2,1
0x37f2a93cb2770f666D7f49e3D041ddFB11e5Bcf8,1
0x37E8e937281FF3b288186362bDB111EF47D398cD,1
0x37D70356edFaD4d7BbD1777fAeFDC87404B05E9E,1
0x37D5dEC664b22f42bEd151629C6951Fd8f4fb0Fb,1
0x37c9a1d0C298d93c4d4124434f577C26fe3D9f21,1
0x37C5e923BF1bd2CA0257E1725986d0F3aD67d97e,1
0x37c2DD981aC291015DAD1Cf2d4E1eB524Fc64E08,1
0x37a83ec99ADDA6d0CbC95d5e5C6b153773f2ab00,1
0x3795B35e986670f8f5953Eb75Ff3B1B35cDF03C9,1
0x379212C0506d1A182297928530dd38a92AbFe397,1
0x378c08B7399470482e67BEcfee47A4d12E2E3fF1,1
0x378092591De32225f71E58DAfB5339172bBc0990,1
0x377eFB92E4d0418585Ed9A6d81C90Cd987581625,1
0x37749325C5f4847151C5f864cA8B377763a3A343,1
0x3774539539A91bA9dBcFbA5802fCBdbb8A40f45F,1
0x3756c2A65E70d7c556Bb716FBF7Bd52278A2887E,1
0x373f526f80063A62d4c7a0B2F486F8613F4Bc140,1
0x373AB18Bf8A7339d8c082d7E1345e59b3Ea5Ee01,1
0x37381d5f7625daeD0E0727d86257C7899f3C5584,1
0x3735AbD1DB81fbF86a7385D91A1558180201FC1a,1
0x3732558AcE6E48170Fb0fe023e617ee1b00982D8,1
0x372B68B4b48EBCb0474cd94214b5EcC2F12cF959,1
0x372894955A6F02510607e129f8286593Ccc5Df62,1
0x370eE840dDe9D938B56C4221C2b335932a38e3a4,1
0x370AD48D3143fdB8572eC755cc4901965212012D,1
0x3706410068EC62bd5C0256C8C93210a677F1687b,1
0x3702064C59a6c5f74E1097E096c4D49b646Ded2E,1
0x36F34fF8068caFdF2D8958396828a4508973B040,1
0x36DcDBb4813D4868cfa7771ee84F5221c648A716,1
0x36d4B81c8Cf4D0676cd84fD1bc331D1719d9bd7E,1
0x36c7B7F5a4896684FAD6fc71e08746952A369405,1
0x36Bce4843ce2A555cd97eEfE75BE193FD0912802,1
0x36B8b9040796ad81501bA4CE380691Dc5EfA9B96,1
0x369DAEE388ea07c076EA9Ca0D96Cda16e2daF199,1
0x369Ce61Fe989295DD096616428603Cf20F2a3ECA,1
0x3699a102F13101745C3ba89573DFa1C8333d2DA1,1
0x368E096E4e662724f25E68Fe65f1E9ea70032667,1
0x368aBAF15a9B546146521344Db167902929e6674,1
0x3676D68cd9D6C0032C4E2e24b46Aeca9D4fd88E5,1
0x366Db69Dee3011342C3F79b0728e94a2de0f4314,1
0x365a9A462B661BD1a5ED88e8BC866dB953F4CE8a,1
0x3642155cF8f90645c64FCfbCf700b84Fd9862ed5,1
0x364044AF5460ABa03220a7eE203b9ff6AF520f0F,1
0x361b8DB6C1a587Fb71b8877701Bb0615a06cf914,1
0x360cEBaC3453204D44032d4E4d2c9896DE48a85c,1
0x35E36Da91c6cc968486f4ad6aB03970F93590180,1
0x35D3a905A65c391eF624c996Eb9842D88A8866C0,1
0x35ce1ABE2d6eb8a70615244aA991D8e783cB1ccf,1
0x35cb2293DfAe1015Baf5611ab074EF39543ACf18,1
0x35b83f396BaC7899d0cF48C4d1cE203a5FBc6579,1
0x35b7Ed72BB18A15d04A7FDe4bF69e95F10840977,1
0x35B4a2883f6E6af007cc67a86B67a00B95311893,1
0x35Ae4a1d9C39d077F7a27293123ccf00519414B1,1
0x35aceD1bC4ECb98167396bEC45aba6644C2AbCf6,1
0x35A447797A91b4D0c4910E5Dd6ccBF139e5E8856,1
0x3588EC12088Cfe1390b26D54D8505427FDb1c82f,1
0x35618fd841dE7f90Bd206bdAd7C0A9A84566E79c,1
0x35429E0557633005a3658165CFBA7B138fDc46F5,1
0x3540D804e6124757A49B805E944B48d14cb78B74,1
0x35396D0D5910AB0eFA4f102EEbB5Da83975c8A16,1
0x35226E78809a5DaE4562B0B1fC4cf96cdb6A01A8,1
0x351793eBe67956035889EA68b4CD3d64c58c52f7,1
0x35064744117EdeF5DcA23b47C793E637B57a7A0b,1
0x34fF5fB61b08F59Bf76BD0d8Bf6051E9AE6305fC,1
0x34Fc05f7176f159E4BD299d29dfA613c011158FA,1
0x34e440a7eA49464d6Fb6AEb00d2373Fbb00116C2,1
0x34d3e239D2a50C25940d179eB031da32DDF4bB13,1
0x34c045801f8400A2f7b0ACA34D168c04c956A430,1
0x34BFCc13270A3f3d2635cFD1DD3AC614df966791,1
0x3498B3FB1E095c663a374b479b5E8AD018880DEb,1
0x3496cC53d6d8650Ec936891038E656a85475126B,1
0x3492Cc54f9705c515655D8E3C4C39B71E98A32f9,1
0x348b66932fB0C65BcF9FEbB1057Fb7871D14E5dF,1
0x34868ed83815AaA53cD1F85032Beaee678A9e8de,1
0x3479Df7B1303109ACA8E60C965448DF6d7eCAC85,1
0x3470992973DB795039d86B3E6682784b325b3121,1
0x346cFF342Df55935810DC3051AC6f43CEd4855Df,1
0x3450F5A03a243227220E960E2F1f8Ca7FbE76a20,1
0x344B914BaC7daf7077A28Ee78E8E7602eEdf1E88,1
0x343aB98e46F00A53F75638d733DBFbd4B52111Ba,1
0x3432cf52Fcd1E05DbB4cfba82c63A5E2A84625A9,1
0x342c6664F140a47e0dCD9dB977C0a9BCB9Cb5E7A,1
0x33Fb593B4c057cD697813dBA596C621b34eEB013,1
0x33ef56F4563D1d3F0F4E1c744e65565cBCB43111,1
0x33e21bFC52A4E15e7322c79ceB588F8101609b55,1
0x33dAd46C248a8A7125b5240Ad4e23667C967321d,1
0x33d14308158623a785B6E85a30e64dBB16B4CeEd,1
0x33aBBE4e5Aa3eB29bFe54F10026EDfE756B2Ba41,1
0x338dC71CD5f11365478adf15dC1d21A379F5D4C1,1
0x3375D308e45cb4Bb99eb35208cD1625a65cF6e19,1
0x33714F39646A2940604163536B89d95f0B1Bb663,1
0x334eB3Ef3F8Ff784d60dDcD13CB2Ed8c0DB8B853,1
0x3325Fb898EA8d20419291883B974EF7c2170722F,1
0x3313B101eBF2c8E7DB8fC3251f93547d804C6436,1
0x330A5294Ebe4a2958EB07Ac2b3c5F95791f9768d,1
0x32F5E7cdEFC3Fb0139E0140672ADF7563d5b6535,1
0x32Ea0fb729Ae5F581e9215A9372FD937fEa0517b,1
0x32E30c0686207A6AD37FAF7fD795415db0007220,1
0x32cE9ADC3bAb34A088EF9c8FC8BC6145e6AC5b3E,1
0x32cB9fd13AF7635Cc90d0713a80188b366A28205,1
0x32C59A546B5877A3C0582540583d58FA564c3200,1
0x32A9C2CCB8e9F496a965A72403a97Ae489Ce819f,1
0x32A739E42F3d3Ec9b61a77a4015010bCA4801503,1
0x32a333338bE22D820d80f0D11B13c4f6FC8f108c,1
0x3298aD531e6997D11A307de9dF5A208399708A59,1
0x329557Aa54AAb595e6b651B41b796e541D58911f,1
0x3273C7a1993774432Df8666d43d48D3E8FCA435A,1
0x32626f6EB406f91e6C2998AA60a0079fBB90e43F,1
0x32622Cb41c18F2a9e63F205FF11d99620D654ebD,1
0x325B38bFD989ed85079135573e0e361ca7A2f44E,1
0x32573ec9734A1054cd0E35F0e28314e688089138,1
0x325409632bccFfAc706d378A2Eca57Cafa21ab11,1
0x32488Fd158834CECd3828f0DE502f3A5703DfB15,1
0x323adE1151Af92D1306c129618033827122C0A82,1
0x323a8a4643C690dae74bD3Be3110e0eb018E213e,1
0x3238e4dbb25EFEFc5d00624F949bc40e719a6F27,1
0x321700A6493F8865d7F5a541C7007C1Ff07D9370,1
0x320F879A382E410D3361fff2F8ffdC149ABFD6aa,1
0x320e0856385C4e15e0aF30B7cb269b9EeeA83199,1
0x32036CA7D35c79859780325c0e00a27A5e7E5Dd2,1
0x31e03156d92804b4aBEA7516D2ccbda44E051465,1
0x31D7D95FC679f04664000aAa7CC3a7c128fABf4A,1
0x31d4DCc55AbF901ace6E18188151113B9971740C,1
0x31b387cd55f9Bb09dB50f903E3b928c17Df7fDfd,1
0x31a4B516E7b12cAF87311AA67e1F3D2162e26Cf2,1
0x31A406EfBD18897c85A028CA2Ad9Bbf06FebAA2c,1
0x318D273Df7B2A9c83414B68720641476Aa69f08d,1
0x318375f87609600436a1121BB43e9748b89c756e,1
0x3177a849e797CC2E81D0CDffA1146B35Afa79Fb9,1
0x317793F94725d590b2DCd28Be0Bf1A185ae6112B,1
0x31738Dac34244088cE78284DB1074e03DB6F1743,1
0x316400c17ddC56Adfb47cb6aE764c57C10e9bb1D,1
0x3154Ee555AF9BDa21431B99B268BFb419B1e47fE,1
0x3150BdCdA1b41E0F2A550955839F6b2C723aD0B7,1
0x3142575EB8239Fe47f6F007Da7eEE06647167061,1
0x314174310c3934c6924EC451754064923840aa99,1
0x3122ac3caABdAc30C69b66E0Cee2D599F1D358f7,1
0x311898e686B864B2FfAB42fD2512F5b906376a45,1
0x310ce162dF5B036651b15FE31595bf4b6A2A2476,1
0x30F9E0d7b0357F4a4eFE3b1cfB802739De067244,1
0x30F682b2b7a0e8C72714C0Ca4AD28B40ccEF3fDF,1
0x30ee1f53c0e9489fDeB7047d005684D641bAfb37,1
0x30D5AD7A1B84A52e27871439d20cc53BD4B936Fa,1
0x30c98Ab8FB66212634bF284F3C13b1e1fe61B3CE,1
0x30c842b5091BCA284e6Ce48f3a07d6957F17B225,1
0x30C29bbCfC55002bFCf2f39f738df46aA905EA16,1
0x30Bc9Fe923761f6c052BB3e5dD2Fa77A647017D8,1
0x30B8eAB7d560840a78BCB22e58B1a47b82AeCF99,1
0x30A359c3F0335E4ca5106414CFD79779e0F8102a,1
0x30a34e01A9A7B8727D76AAdc5e1CBdE08297CFB4,1
0x30a29f6ea4fF8daF360f54bE9Fa979A127E4ddE3,1
0x309DbEc5F2f0848d19072189fA9Fde47129aa0DF,1
0x3099cE94b9dDB6715B1169F61Aa0e16ad818Ce89,1
0x3099B6a4d8BdF56F1B99B31EFBa68271bB5CcfB8,1
0x3097d05f8b24B460916d2B32f9237A3eD242c3Aa,1
0x3094Ea2500822117A3518CF76518c4f2Ec1f01cA,1
0x309173a97eD86FC09b8110CA7a28f4E2f69BBb53,1
0x30879D07A2Fc7a03C514075f5D78E8D9Eb952136,1
0x3078C73483227949eE078e0871Ac492F6E69a92B,1
0x307633A9a58a3BEaAfe818aC56eDB2280caebF12,1
0x3062A06E24BAe7F4EC8e3fC9b62bB52765E2b788,1
0x305CA0EDaC2753e31AC4DE54E23B2a719c53E928,1
0x30492063C99dF06cA3992915F63EdAb499985E71,1
0x301a111d510702dEFB8498bA4A2d5c012bcC784c,1
0x3014EAae32360D787c456bf04E2Cc2a71C2EfBFA,1
0x300bb1843d7F22B338fe441cbe9ec7372d2dA124,1
0x30065BB0bd59c839D667308Aa557037EA6c34294,1
0x2fF61817Df011F87D0d83A834b6e0b52509fB20A,1
0x2FEB12B34a09Cac2a518e51E4044A46800eE8cA7,1
0x2fe0eA7DF6888c7D5EE1CE5f93DD37AFe4e77e76,1
0x2Fc1ABAE7C439A9B72f451807542402a892db7f9,1
0x2fb990976e8b4163Cf1d04e5a5337e90b3962A2D,1
0x2FAbDC27d7566F1816d9f92c8B02e0bed202CeEd,1
0x2FaB3Fe531CF128aa7D1D9245D2b7515B125116e,1
0x2FA7A066Ca6C6E251312A697a0E4F04934dd19f2,1
0x2FA6Bb4e6cf9dd955604F79460C28D159898123d,1
0x2FA5fCC93Ac9B373EF0065708330f7Cac493fEa7,1
0x2f9Ea193a21B446F62264A8F0c354C293447507F,1
0x2f9B70b26BE5998B5250273C0E08930210122944,1
0x2f99684F1A78dd617fE3d3C69bdD4b78231Adb01,1
0x2f78fb1871A7288554300E255BbF12ca3c9A3d5C,1
0x2f742350CF49D6dF2e46ccb9625550fdD40e3F86,1
0x2f6561432a837D14847B125c7F4B78aFECE3cCEc,1
0x2F60fDaF2d308e58fCce1e61ca6BD40527c4257F,1
0x2F5accA3383eb9A40b9201d81d15A7A109dcC18d,1
0x2F577EF413d2B8Fa654A1Da6adDAEE65aF42e985,1
0x2F390d8107F20e99A56f12A17DA645fe97fec432,1
0x2f225F8A538e7fD613e8ba79DCDdC7D1422AEd1C,1
0x2f1B9Ceb2bBf8479961A41B94153f44d56c2F22C,1
0x2F15b21b2B8817749648Ccad53025CdDdea40D1D,1
0x2F048e8E406fd76B5D383254fdE2f52c05e5c9d8,1
0x2ee901d6AAb21Aa32e50AD15779201C2D6637092,1
0x2Ee738d8d9BaE85326C1aeD9472700029120a598,1
0x2EdE1Eb7075eE398Eb52FD878c8D467D41fBd0F2,1
0x2ecf9190a78A4c40FaE1f9Ab2350CD8B724C3Add,1
0x2EB2478559a8C62A32323b14B4f9318223729b66,1
0x2eA635F3FBD75fA29EB7b92772F3F5C5395E5760,1
0x2E9E75cbeA2aCe438239C98438Ea63AD43d9f9Cc,1
0x2e93a59ab5BED2B1DeA506b50b7072DED76F0c99,1
0x2E8803261f894CA7455a31676EF638D367d328F9,1
0x2E7FE8551847302a76C9c2201B7228fE382d8a82,1
0x2E747c3F86CC0192f1c9ad043F4e73c3A576fCD2,1
0x2E70C44b708028A925A8021723AC92fb641292dF,1
0x2e6D9bb14a6d75910EA03a467834825064fDF3Ea,1
0x2E62Ee3af78d005a0DffB116295b13EF45b6F2C0,1
0x2e626E203c38ab28a84f835af2cC55dD1F4C5C30,1
0x2E61c6bEBD78488ed425606450e88E61C6283e9e,1
0x2e5fF075D31c81934a7790BE9D9635c1E33B8bB8,1
0x2E4BeF8b31AA57fDB5BBCbd4eee0d21082fBE407,1
0x2e2f379919A0b352bdaBB3C25E86Fc60af81E9DB,1
0x2E26013c4a52c6a80F58C36A5E1301FaA849A2DD,1
0x2E1bfb63Fb937b0d8B5d48983C640677c5cD7eAc,1
0x2e18a95Dd25451a091061333d2f238936eA86B86,1
0x2e0fC79a10011c4455D714b982BD9636C8Bd176C,1
0x2E0eC7cE838E1535a27f6eF61C584a661e1885C8,1
0x2DF24E9c56fFC367FE7a46C0DF9d35Ec8F63bfa1,1
0x2dde50D1D6652E80Dd850064f10fD7B01337d53F,1
0x2Dd9603C6A58F33d1073D4aF675233870F59E809,1
0x2dC88f5961308B42bC25891f3a955Cd757dBaa5e,1
0x2Dc753A79f894fD350Fa97A5172495EeCe6632F5,1
0x2dc5b4261159FFFAa56c4E197605d05a72A7B368,1
0x2dBc273a58c857cC7D73C9365A807649008F655B,1
0x2dBA976150079F2461cb5745f85F4cF1A4b61042,1
0x2DbA129D7Ad234de4eb192439950411754f67Fe1,1
0x2db3f1a294e7CDba65F861bC7ec18728D9E9F04d,1
0x2da7bFACDC4d8427c83714556e2C1d5438f1b1bB,1
0x2d832b4E4B39208109f4a6FFAfEAAf4D6c63B57f,1
0x2D830C96358FBA39148Df8B6fD98D9a792d7ACf8,1
0x2D7e2384507D1A5a567522c18430dCEb81cc38f1,1
0x2d79559842b125Ff98ED640A031E50e2d5061e9E,1
0x2D6937030Cc4F1Df9c04848554e73be898E8098b,1
0x2D646F2391844baa00d381C4c078d1F5542395aA,1
0x2d5E67cf8e330c704D59e660A997Df8199c050b8,1
0x2d4b8529c1bdf9948537E00fd0A63307c9DE3cb1,1
0x2d1fb523D58c37A8d75bbD6F7aADE7FC553A1A94,1
0x2d1cb5ED13C731604A3F1d48dc206D85fe5e52B1,1
0x2d0C28fb1812c3F6DF5DA7388AfFff5A9536CD93,1
0x2CFbd43e5eeD3930Ea6074Ca73D5a6177CB2fCd3,1
0x2CeF35DDad95CD702aC8bc9ef423aBae9155ee1C,1
0x2cEdf4834556300E1c04A1C3263fa6B92714DEe4,1
0x2CDf747c13EA2ede6E998fA569A90b37D3c47806,1
0x2CdE93ED0742D8fa73B9ae4460A71a52a36a4026,1
0x2cdbD1f60e042F926f017b5AAc219D152743E948,1
0x2cD4e3E6DE0Cd293294047755fffaf78B4c2Efd0,1
0x2CCFF304eF578B238eE82E1D1d53c34e80B48ad6,1
0x2c7AB7512c4B368E1ee937156bfaA57FE8A1A1f2,1
0x2c73ce1d63AfE0A876Be970A02F36900A66A9Bde,1
0x2C72aA64B3D2cB8cb5430F36A4700d22953f7549,1
0x2C6F4a8EEED12D14E98197D9fa562Ac72538dd1e,1
0x2c66614bBbe0E0891458118Fe6067EcEd8AaDb13,1
0x2C2Dcad5C17b73DE59aaE25218F5ba37eAe3a2a2,1
0x2C29992AbAA29763C22e3508F10F7d734cb4e7cc,1
0x2c0E963e23C4F9DBdae76AC41ef9eD690A56A5d2,1
0x2BfB83689a1e88E8EE6200e22E05bAed176d753D,1
0x2BcF647C9C2B04433882562d3dA312f2888d06d9,1
0x2bC12061C8912505978472C21d4a23dB43AF62aA,1
0x2bbC124B13df24D2DF0482f482B51EB05696E996,1
0x2bb84dc376bbcb1dE75bd2310bB473206e9FC8FD,1
0x2BB14E66eFfbE791d11469d10FCa11Ee5840D292,1
0x2Bae4279c318722aaa544d3114C6984D4315cD84,1
0x2bA19720DA77FB3069Ee65202053A8E42E64EDB8,1
0x2b960696145D8A350EA6487789a184EA3600c51a,1
0x2B7fe3b17ad026253760E9D12A40e23d4C9948a8,1
0x2B7d6B1E5Cf1416CF5dDB2655C79e53B5c81517F,1
0x2B66d4102987fB539608B9F0cAF15af7524814a1,1
0x2b479e566d578e5092f89E36b3e97f14f279f0D3,1
0x2B27c55E409ff6a8b87e5965Ea02250E06365500,1
0x2b1eb5D1FB443d872e7ca3A82E295BC8080cD403,1
0x2b19B96E93dD14fEe15210A9EEF86F29F1EAC9DE,1
0x2b19053B540c3068C755cc0Cd3f28c39C2e9362E,1
0x2Afa430ea2df6C9D6D4ed987053d04cb964D5EB3,1
0x2aF7c6f34A6238Cc0eA69561D97Cff9F2A0DC955,1
0x2af66012caBD7a87513a21F01Bf2846629631072,1
0x2AEE25444EcC1b1895d6fCBAd5c260E6df2F6763,1
0x2AE27f5D0b8E48F75174F28d51188905EC1b666b,1
0x2Ae1E669305A1D8821a036d7ec2111A47480669E,1
0x2aCEb950108c82dF3fe8DDF543e61822233BDDe0,1
0x2aB6daD743B0d2980668257D421643Ca128be75d,1
0x2Aa7C65C086b70B6963f9506C179752F88Cb3d63,1
0x2A7569E7E740A869c690FB434a83097250c2CB6F,1
0x2A7093F709B1833460e5f638B04cE04D5B33d2F0,1
0x2a5f00b58f38e625c544fB64cFf290d55ED6D6cf,1
0x2A5E74d5D44651E893831Ab8C3C0Edf614E65F25,1
0x2a5e6FFC04BB28CaEF18B66220bE1c0b0438db20,1
0x2a538829BE98ad09c6db806aE8746be737bDa7c8,1
0x2A2A034ff6bCBAA143D260d980D6eB9A8126f827,1
0x2a25BBbb6f6f6C4E514957E5fdB2BD1222502ADc,1
0x2A1961174CD5588F6a3AcfCfa47686583E149038,1
0x2a0cA244e1821ce0BDC9289128cD33A99D9a7cC1,1
0x2a056E7B46053BfFEFFff1be0711573FAD58e65B,1
0x29F7853816FcC1fEA55d286E587ebd9d8E826F8a,1
0x29E9D9644561C9e0E1586C7Ffb56E9726aa109C3,1
0x29E6D40392903c8f3CE0d8B37661b2e25DCCD039,1
0x29dBb140da5d0459d512249eaFA46acb5410F00F,1
0x29dBa2518Ca261FE21654312e9aD837Efb29bD0b,1
0x29D52B2d74C700015927f812f870777C9cf69FE8,1
0x29Cae5C35De2B17899D625FfA1DC6bfdd0C5933D,1
0x29Ab060bD02Cd22E4042095679cFc5118098d46C,1
0x29a5E3a309591513378F12B302Fd6b84E7AA6AcA,1
0x29A4ABe5Cd0f23aF03aE9022212583Ea991aeD73,1
0x299Cc5674Fab46dfdB4332eEBF6C010F72Bce95D,1
0x298C8bD6c970Eed9d7b97b51E56F77C13f8B5896,1
0x2988D030b060EC8C226Eebad66682e5b0c717424,1
0x297EB4E347eDd7f2DB8275aD0F78BB2a2CAb17DA,1
0x297B41cF4160458A579439cF3c2641b21F6bf48C,1
0x2975661C9BC8382bb45F50eea0250fB2191aCF3E,1
0x2951B1F7058bd2C05F01954002C450BaC0873847,1
0x2950a31733DdE6a135CA829427bc200b2ae46CC9,1
0x29431B4FAeE63881B4eaB6663D35585dEa20C8C6,1
0x290e22391f2CfC3a21Ce2B75C77408f50b138868,1
0x290c85b7D1C39F12187492c5fbdd65E7129bcf41,1
0x28D918A3919bFf4781316697ea4DDf73CBa21245,1
0x28b70156ac20092a961c04AcEEAd0De2e57AEd89,1
0x28a99F6Fd7c9Ee28a128800B10C019929a39f29f,1
0x28888B5B8e4080B1FAAAbcBc07B638c9603A73a6,1
0x287Cb6E622D08a5dE02bB302A1bD0d224fA918Fc,1
0x287beC03eafd5F3aD2f5f2Fad0e9bAe137aDFa70,1
0x287824C18c2fca435dF692Bc290152a5176e2689,1
0x2866215196c0A9b0cfdc6C90fF2A486e841b78e8,1
0x28560D559eB3b0979014bece990Bc992F33A928F,1
0x2820A2b534eC948412699074389EDF8aab88aD30,1
0x281cAa39D1877057F29BA185a7BdC9B66edAFf87,1
0x27d47cDe10b53e0AecbBE3f897E275B8a75A4DF4,1
0x27cb12B882d02d8a39411914DBBDD0a2E3A48285,1
0x27C2E2ACBDbf4C50C506b9eC3C9ef0a786f61445,1
0x27Bc5F4Db8CC494c65b667b71018719D0710CBfb,1
0x279CC6efaACeA9eAedC2fC0e32C1954f3d77CdF4,1
0x276C7770EF906D6Dc7844356b840097b4335b975,1
0x27629B5d175E899a19eD6B3a96016377d5eE4768,1
0x2758F6929c3A480B4405799297C9825C663C92B5,1
0x273938F6A84d72962486108A315c772D57D36Ba1,1
0x2721FAE30447Fa05f4654a98DC135E5C9183Edb2,1
0x27146Cd533760E0867db2647dad531FdE92d80EF,1
0x270637c7e8474bd91c6E7F39f70FDD09be7589cd,1
0x26e174dC8FF20831EAA75fEf12822e371AD662e7,1
0x26Dd2c6F50707D015cAF865E4344Bb779753aA86,1
0x26AdC42Db048e39a7AeC2ae484123DC33c4bB324,1
0x269e07Eac18b3681F3447263C28A766457Ff074B,1
0x269DC78E6C57683Ada0408b5cC90f2e064e5d5D7,1
0x268EF519eDBf507Ed9fF31a3EaE96c82cBE1bb0b,1
0x268eB6e86bD1eb6709110F54591a0d31b6A31fEa,1
0x268b372223274b70123E4D5F1c1Ebd57498f4032,1
0x2681B9813be4c7B47f9146D814C8dBC751DcB61d,1
0x2674C6654FB2531d72e6b17F768d4233886e035b,1
0x2671B0e325D4AA9205cAa55a89BD0e40C0DA8057,1
0x265ffE2C4A2D44299306FFaeDe0CB03EBf9015dB,1
0x265d5dd151B1543EfF333D4B929febA3B5EAf0dB,1
0x2657A4BBe6344cb3420657ff33dabE42D87773A2,1
0x2654DDf31E5D8DDA52fE8C1D759Be186D316d8A6,1
0x264D5b82F6A8Ee6af976bc4206F218416459DEff,1
0x261d7081A2eBE7737ae60dB5fbeFFF192597aA40,1
0x2603059F4c9f48C068B0bd7a2a4390AE6A4cea43,1
0x25fFF4689be582515Ac968CC85E9B6d56076a297,1
0x25f882cDf71629440315AfE62BC0c076F9218ccF,1
0x25Ed6E754674b61F7786B58224ffF38c45CD2cF9,1
0x25E6bc33060c1fEe8e08532D0c1C32c4cBF10E2c,1
0x25e58696FBC8eB88301Ee06a57f77d9f0715Ec97,1
0x25DD9CD8D95324804e34Bbc69d4322Db3504ff1F,1
0x25dd171D50B5ea1984C427a878498dd1291678d2,1
0x25cef0997713dC4b132998e4A40E3E1051b5Ac44,1
0x25c4fbbA70aBBe02E1407941939f7f517dA11305,1
0x25BEd6aA65f5E6eB60f1dDB0379d5618482d0f29,1
0x25B1300c94e09FF734eCA4A918EDF2709a836d2e,1
0x259Bb19D1e0B89735f7d5a04A859edE8b7fA9046,1
0x25954B95ea02Df586e07688De9543eEa5BaE31d7,1
0x257620695dA2b99c99b440c5BE243dD62d319AC9,1
0x255dDaC4838851773A28a66Ca8eFD3244359Fd78,1
0x255bB97a4A8831F836aCF4461d965F7C8853Bd2B,1
0x2550d50d0FA9477e4BCdC21626F2edFB94F3Cbf7,1
0x252Fc9c16770321ff52302EBBAb211221209cD5E,1
0x2517Fb74B9295d87AdbCc58334AF9c021cf152bA,1
0x2515926E3a14Ea1f3e7FD70b35CB8D6214398Fb0,1
0x250d7122eBC5ABE65819a013188fc0d8905537da,1
0x250A914Adc727B131474570235145462f0f45dcf,1
0x24F797C78803E51DD78A85d1bFc3a172020Cd23e,1
0x24F221e9A2b03b4a6C7906d11C47e92692D0da17,1
0x24DB87E65697A89b932127194f12179822679016,1
0x24d7Cd7D698FD5f7c5e83983d582C95875bC4867,1
0x24D20F4E413d54Fc5F78b381EE09fbeea1e19A0b,1
0x24b705362cA111D52363d604bF2a7200000944a6,1
0x24A90059bF3e077640C0A50339107cD4ec79f459,1
0x24947D574B7a597Ddf6a2D29E2f199147df4590E,1
0x2463ae2C35ac83D1278d624E181841000f4BCC15,1
0x2460648b0dD9d40575687E3fc431FE48a2b399c0,1
0x245e9362Bb7e72a25e4ce7001298Fae4910163c8,1
0x24442fA6Dd96bc3D7F8E90c3B09d42D7CEBaECC9,1
0x243D7346143612053D9C3ee9cA2b0FA9DDfc4c06,1
0x24381906d1c2a461620902fD0c0370Cf296083Bc,1
0x2434A54c54aa6B6d02a03cE931cC407695be61E8,1
0x2433f77F39815849ede7959C7c43d876242cC4BC,1
0x2418c7ff88f10b461566A65d5563C22aBA85AB2b,1
0x23fCD104A217f316dBfA66eFCef38F0a084971Ad,1
0x23e860B187Fc29211fA50D6F4480049a2547253E,1
0x23Df87EAd1B7219f59A8F9172e5537CE7Fdc0d84,1
0x23D3c0d5e8226F18bf58BB3C68b149b3d7385936,1
0x23d0048A80302667647fd4e67FA46C77d936D9Cd,1
0x23C5Fc38090643b410c8c06C4c0F3246059E98EE,1
0x239C3Ab9a2343790c4B3B77d436a138c96729cad,1
0x2392CeA60FdA8Fe29a3ef4015492198Ba2AF7E6D,1
0x2371abB87A08F90F77c4Ca9c52Ad06895D0d9c64,1
0x2370c2962F141ff20E9420BfA0aC0083eE6fD2C0,1
0x236E39b43bcCD2Dd4d020b946F8f574Bf853Dc6d,1
0x2367ff0D513fE3dcbcBb7820DaB7D9546AA3740e,1
0x234AcC44D11cf0fEFF99fcE8bBDdA47330DdEd7A,1
0x23384FB02e4D70C357FE977AD742DDa8ab08CD76,1
0x2322CC326C2E60Ac5Fd288508C658888eFE615Db,1
0x2320f324A331999FF5CeDe39dc8Bb07Ecf5054c3,1
0x22FFcE3e368c99CA55B71BA59167F61ADcb211Ea,1
0x22EDd44B31F8c4d83f56AdB1693972A10F498D3C,1
0x22ebC5416ebEf02982c2730D2b49eB46a3DCE9ad,1
0x22dF8f85AD9850151582F89E37237Bf0517f87DD,1
0x22d86A9204f60Bb20a3c8d6E9999ACdae60f6c68,1
0x22d4979167051175C845C86f44207ba1F408dEc6,1
0x22CE8beeDe0EC84b9BBEf91953146bF912e229e0,1
0x22cb7Ae83A8473a2fdB62df3b4d26e4144F8DBB7,1
0x22c5B360a725D4983e4F5F48aC4f474b364f5E43,1
0x22BCECbe952C0e80F87e7299A5932E49bae9E413,1
0x22Ae05D7a3E6e823B6b47fB092e9DF87C41f0Bc2,1
0x22A1d319b9499ef2F74245611e4b0e3b3D6A3aE1,1
0x229664223eEbCB4ec79D2e1fD2c6174C719F7e0F,1
0x2294476a8b4D6C5b7f87C3a1e6c823f6117C45C2,1
0x227a7108bcBf0b3613D5d6618808Cf56766909eE,1
0x227907796f9D158B0d29F70ac06b675c505Ff4f4,1
0x2277eb2B315f8D37042c47cF2a876A3cD7d09884,1
0x223c2D5Af8120cAb3c68b5587feC7c8649Ce9c15,1
0x22380D691A598cbAdFAE446c3E3763D719a9b5FC,1
0x222222e822fb81aE4b23eb02EBb14fA89c8C3242,1
0x221d7B746547c1C1C20f9b1e0deE96Df536BE4B7,1
0x221574d41e9875B2679dcd3eB974484bCae17FBb,1
0x21efaB092c60e5fa0cC12cA46Bd6384f13170506,1
0x21E65642D7CE4C88EF6EDC5aCFA086A6d3af8060,1
0x21Dfe7Dead0c8ee0177413454AF070936665f39a,1
0x21Dab8e1aB59E19616e608125660b5C733014e06,1
0x21D90E6F18f3848d9e45F34BdB4dfdde3FA09D1a,1
0x21Ca746283047fb20257A5a8687D78391aE633cA,1
0x21c555F9902e1A28d33baEBf8c1F1C48F4EEcF6F,1
0x21B30b4B6cDBb15c98b1a19952E880d7e80f9A54,1
0x217F3D86B68185aCB48F7d2Dd7ED6Ec0DbF956A9,1
0x215C7a8f8e4D47d296eA243A518Bd88A7bf9fc6b,1
0x214083ae21f2dfCB09a6Eab567b8A53F309125ba,1
0x2106Ed7A07Edaa54e7A3B92EDBa31f73Dc1FA910,1
0x20F4aDcbd65B67d6B3016caFfFC0A93295db275d,1
0x20f2C7b31A05f318888119784cc7D193c03EbdA8,1
0x20DC9F5B339ba09a01cd6ed662AC8871c7521b79,1
0x20d5D9F4ee453EDEBbf0409850AFebAf2ae2f09f,1
0x20D201be51314c3C2331E11A5A85e7222031f346,1
0x20cb97EbC067bEfc988C5E2FBB198cd9E2c40c93,1
0x20c9D236389b1f87EEDda104E7F0f47e68a52709,1
0x20BbaD6cAA1f734CF74F995b71dA5766c2DbB2f5,1
0x20B278B9A6715fce84F39Bb58382c956cB5c391D,1
0x20B0b63fF0E04EB1109d5059f7B8EbDd1d7e37EB,1
0x20aF12E19D928B3f928948145906f211FFa57eA4,1
0x20A2521569c9bF0a6FF4118F486a294170d899da,1
0x20960A8C69ad05bD6a150E56CAfC1E27a4578349,1
0x207d0111B84a26eF5C9f0f5C34cF62323e3A8A3a,1
0x207d00B7F75976973E7e8CEc7542694B7B687814,1
0x20683b7398f3E5CAd97Fe6317D85e8AC2Fd7f124,1
0x20628b67CE5CdDac1CB95198C0fF5271f39fc048,1
0x20574C8E055B21f0Fd18B7d9bD49Ebb0c9734722,1
0x2054e7a6B4Cdc6F03E1D5C24997149cb39F01Fe2,1
0x20516c76848f88a1255c782CF911eFacC8E9f8D0,1
0x2044a493B6b09b9261cd2AA2aD081aA5DA3f17ab,1
0x202c8b326cA75bf737fD709b524A1333681f0480,1
0x2025708F630a79bA6A4Bc09AdC5EdB1d9A4E46C6,1
0x20192B671Fc01441FC2D4bC59d674C104f0DD66c,1
0x1fF26ee4583D1BDD1AD253f4b284aEfCA761e946,1
0x1Fed11Ddc19A0E0948d9C97185B3feCE15Ea62A9,1
0x1Fd8DC36805Cfa9bE0C5810bdf4a546216f824f4,1
0x1Fc5CE5dbe5a1a65799994E36E127699Fff1d24F,1
0x1fBcAfce873Ab2b025B598a150A00Fcb88A943a8,1
0x1fb630a9680be9Dc2cCb1442C5Bc51Af6D5bE632,1
0x1FA9A0a079ac9E7Cf4Ef74C10d663116B5C360cD,1
0x1F8e8AD4A0F7a8aB0d8cB27b5AaccBb110566b9f,1
0x1f8231Ef50E99D361B5252A24EC2eC44285367e1,1
0x1F77a78babE05ce2B872d263E10e4d91F6AF171f,1
0x1F634f6074cF023b33219FffE3096F7e6980592c,1
0x1F55Ab57e928D8711b50a8c095b5A0632d826F2d,1
0x1F4Fed50F77b6b161acB401B6B1B785850D3C44e,1
0x1f3dcBe98d493Be1f047a8A351a94396215C9212,1
0x1F367E135c820B3ED88c16eDb30eF2D508aD1191,1
0x1F34dEf4c2369E1A79fef28D60Ce0b2a679B9a6a,1
0x1F29cba44478Bd2df384e4b21B39e6fB92F350fa,1
0x1f1f4F8266C6aB0499408A063A8e6e2af44cD2b6,1
0x1F150000f4091F7A2728dd0Ae4119cFda155e975,1
0x1f033cA633C81ebeeE968F6935F1031a8D58E209,1
0x1F029283Cd0fD7d117ADFbbEEEbf96fd2E741B44,1
0x1eF23964FbA07310D4aA22fEef4e79f0523B296f,1
0x1eE9001D434b8f5ae45a59Ab482F66925eF8218A,1
0x1eD90C95Ef3B632De16756d5c3aF1F44572EE9A7,1
0x1ed0F8c142DF3D5cc5420f9FF99bF68870E52Ec2,1
0x1Ec950A58307add69266d45Cf2f34c838Ae7899e,1
0x1eb8878B5410Ed936E4Aa3f79617B846C1A19f68,1
0x1e9B45FAc74440fefc6BF5C61c49b033357899f0,1
0x1E93C9Ea843F5604530E600433Ea970822781ddc,1
0x1E8cd608e37fbfedE9721fF1B94Bd5E5b149c911,1
0x1e582dE78C1cC083A3390a464cFD5e8a591c26dC,1
0x1e5714ab3faA2dfA888458F6bC4D929dc0dD971E,1
0x1e518C078f80166f53e67a51B0ed9De3c22D9771,1
0x1e4bD1f5b898C75BBE632D67d7c5277F99413428,1
0x1E4A7f701fd1cD1faf62d70aCb4a3bF9E55b3642,1
0x1e3C72f2d589A2C99a804C176Bd0742e2DC49660,1
0x1E1dE48DB925D5F9298Dc72bC20C821B3CbEa673,1
0x1e1347378B687932dd24E36bd4DE92ae08ce2528,1
0x1E0f2cC2a708d2556b23A860c50A72aabE1cc5EB,1
0x1e09aBfaA453A663DF3eba885F9E14C99bCd5156,1
0x1Df5B9a359EE2809e453D0501aAbE39C478a13c9,1
0x1dEc19f2B67Ab2f447e6BC9e7F554b344573E919,1
0x1dD87c1D7e20A29d8b80D676946f19776B3d444f,1
0x1dd047085A6d4bb5d752872D1f0174B0fd0eDbA0,1
0x1dc00e2594c04757D5b8D55785EB8bD35EaB5C73,1
0x1dBE29c0638A5741AcD55779D8385bC6d5f73787,1
0x1Dbc884482272c6fCE4bfa92EcF2a1A49bed7C72,1
0x1dAA49168fB3DAb405e9856E51E7Fd8af3F4cfe4,1
0x1d9302c112514D536340098e6f13d63E02051Ef8,1
0x1D8CE9f31C61a7F112B553D1A776e04b8427c787,1
0x1D860184EBBdcac0807bA1b599CB0A6666ec0C0d,1
0x1D7c7f18d76d1Ec14d3394896C29E79f8FD63072,1
0x1D766BE08132039b9c94e86415Ae0B4D5778F181,1
0x1D6cB9c92C67aA04E130e22E559Bec4EC466e137,1
0x1d6038A425059545996eB14E34cFb8A3b7791Ec5,1
0x1d6027971F0F5173ADD8B67Db169BbBe971617F0,1
0x1d4d922b4F45f2Ca900e867d94bDc42dfa897422,1
0x1D495c119fb4374416C6Bc9AddFD7275b211804F,1
0x1D42C5A3A334D5420946a89399eD88AcA86f94De,1
0x1D3E52C1217458697291A6839C8aA3669F60239E,1
0x1D1b717e39cB0d811f356A7941af925267408761,1
0x1d08E9241f35B5F92B0A0a50C53FF02646125110,1
0x1CFb7a628a6C8c32690145ECF0a560079d8BaC89,1
0x1CF653233186d93143c6Cfee332836191f838F61,1
0x1Cf3B4b3906748DC15fb1ef5Cc7a3adEBD0e2115,1
0x1ceAd3374A856061be00F5c6d2A035eEDf1c3c76,1
0x1ce58A21dc0Bc8305E7e4d190CEAcFB23a914f27,1
0x1CE45aB88165e6e27444DF5EC442B2F2AE2E8342,1
0x1CE34FfdFdA1CA60e7336002E2d9cb970f10412c,1
0x1cDB2294862915c228CB9c1D53118E42e628b594,1
0x1cD1AF5c6D964b1623D9193fB7E53a9801B1cfc1,1
0x1ccb144B700EC726d37Db38c617E154De6d9c0d0,1
0x1CC87CABBE2Fc0257fFcBf23F4dA02B41EEC9E6a,1
0x1CaA49006740d7f0a9b7d090820B90Fe541F6961,1
0x1Ca323E658F4688996ba3Ad73F1f9e6b13448CfC,1
0x1c9e6a87b6Ebf2F7099b04AC2Fc4b6f0005688D3,1
0x1c9c8ddf23fD9325A227B91CB4f92F5018B0fF72,1
0x1c9490b0AC0203c54C8a22e5Bba22D313C3BFA82,1
0x1C894da6065001453948cb3a993d5297A3b9d14E,1
0x1C6aD3A22a8f40A00a106Ad81B885519BbF43CED,1
0x1C670dc214de4819730e7305703ec8C986B8C7fc,1
0x1C5c3711E11d84Ce34B3e58AcD1EB3c4c6040f23,1
0x1c42169Ad51742b300791aB4030baA0edF74Ae17,1
0x1C40aE99d32A8Fd4E8D560aE79fE6b1B0CdDe55D,1
0x1c19ed7A6dbf2a9f36fa7A07F7B1E46532cE2c6F,1
0x1C1090cEA4399e26139DF1D7eb3F1be5bea67445,1
0x1BfEf10693Dd39A78afD9C90aD9b16A779C4E538,1
0x1Bf3d89B6Ebd3210809570CbF96c77b595f659Ca,1
0x1BDc8C7110681f45f2Ec23F3C503Dc10A94a8394,1
0x1bCDaF5263e3fc9Bb4c52981D40117802eC3D8Cb,1
0x1bcC47183112f47d7D999501C3b620a1CcF3F3d1,1
0x1BBF488583E0b926E6Df09889Ea8D6E61d937D27,1
0x1BBc3C2E674C26264C08Bbd8a7911C404d4E3aFB,1
0x1B9826b1fe5397c0cB5455Fbb8d7AA2d4e4B282E,1
0x1b8C9CcA4492253501cf16f5afF2274f9bD7324c,1
0x1b76630440097cFc10f7C063EAEFcC2fAb928069,1
0x1b5A051911190272375E31fbE34e3DcECe979596,1
0x1B3036aAEF178e4d63a3e34705442D6B8b65b019,1
0x1b2D1526cDD7Ef4B0529c3beBd9d9e2429bcD08F,1
0x1AF3C165c39cBDb3de489D9AB1Dc5469685F4291,1
0x1ACC0BA3C1cB355497740977E33B02C4F9F26494,1
0x1aC9aa344B3589F2c12751691FD43d48A1DDD495,1
0x1AaED39FFB89233D990D22C3410039E85721FbC1,1
0x1aAC1E666A233239F66dfd6eCFAEF69D21dc95b3,1
0x1aa4a66Ef0cfA99cA9D39FdAD2B05489744C972a,1
0x1aa30BFeCdec590A90d5B43CA9D717FCAE92c564,1
0x1A8028927383A0665B62B4AA6eEfD5Dd66cB5A38,1
0x1A754a95dD99B08241f5429a433993319dE40149,1
0x1a68adBdD492b359B5A91759EC4DcE7EA7f17591,1
0x1A6856af73E4b3765265D6475007e67FB6b7a879,1
0x1A5e065Eb9bC2CBFaE0f6107703c2227C225Ca02,1
0x1a55fC154FeA2D9eaD45e1d6Fa4BF83074e5763D,1
0x1A49AB85d7A245AcA1126f7cfdaD8720994b9a29,1
0x1A488a9C4282A05E6d7594E598fb879aA8013690,1
0x1A2dE2DD87D6b3c721C82f5DA69F62990e1633C4,1
0x1a1725063084933d95d0568595f41cAe2ED82129,1
0x1A16f81BBAB733244c0Ef9E6DaAdd11c2895609b,1
0x1A165ba6606247DC3e6E3dcDDaf4A2c0ba573bf5,1
0x1A094A0ceE97222b894090a1953573B4fab0d36E,1
0x19C11C6e9BDbB447cE68fbf9e3bd5a0adB3e3fc8,1
0x19Bc02cc7A66f377A0237Dbf01b36B5F9Bc284A3,1
0x199C99e28De7725670ec34b6B5d05A2a22E64fE1,1
0x19925DB19979fC2aF1F3f020a0DFD73a549D93D0,1
0x19886aeD98aC7A313649e06475B1beb9292520B6,1
0x197008a1D3e26A97A19f46C121482969cEF95b7d,1
0x195cC081a8e97e8Ea524b890a7eBA97642184850,1
0x1956A593d56a546560D70296817c3d207e8B9DAD,1
0x1956455E9a77936aE57e6123899EdC84B15f9cbD,1
0x193C289C92E70bC9A045E5C4BF2d20f30f4DF0cf,1
0x1937E244ea54fDea5aE69652b7d6702261e1f3F5,1
0x19264d8A8148C71ea36Ca849b87C0B3F12376210,1
0x19083c0D7d5134d803c1840e619CcbD3a52a5F51,1
0x18E93a4D3bbE73532a2eD8F27E712Dd861B83D6b,1
0x18E8178992138E334055be146087F81415Df5cb0,1
0x18d70D11cC5bCA7217881c462AEC6f880565B706,1
0x18c09e6980cadcF4c67c09178cC3510a1C7f3829,1
0x18BB82e4f487EFb8976C50426Ddc409Bb7FA3E70,1
0x18B5418c1AF447C1673C4bea93A8E582fb2B696E,1
0x18B107C0430578ae0500654c911A1D9E60F6E988,1
0x18a7f79cBE1EAB2B8d3F37c2851ea2ab65503438,1
0x188D36F87ADf151B700258de61EcC9018d89e5B2,1
0x187d15533D8E086af854603b586B1cFF817ac6AB,1
0x1870Fd464501B8b795B2b993BE377618bb3E0Fb5,1
0x186ed2f8f8eb2B5aE825139c0739AD4E7089B7d1,1
0x1850AB1344493b8f66a0780c6806fe57AE7a13B4,1
0x184d3557ec0D5E64AC099b8D7EacDC0Cdf7944f3,1
0x18213AB84990868BfD4AFE00EF8E7594830Be046,1
0x181A81e54Da038370A88B95F5b6E352C27C5bDac,1
0x181235Fb8233aDFFDcd878854e7033ef66e3AEAc,1
0x17Fed21005C0a9bC39a0825C3C4181e4F36D6217,1
0x17F97150a7c13697725d4874F1E966d64bfd3dCf,1
0x17f43f532b3F91c1628Ff513290e730446Cb9355,1
0x17e929d21a7ed8e3F1cCF43fb7e4335C0c2f3388,1
0x17e4e9d9AC5c845CbDBf719425C5AF1d6CCDDc2F,1
0x17dAF278f0d4e406B435EA74387f52D0b18C5c25,1
0x17D97F070610D4841752a11783a7019ffDC555AD,1
0x17d518736Ee9341dcDc0A2498e013D33CFCDD080,1
0x17bbC455CB4118FDAE00F238F2DD052C1c41275c,1
0x17b2d631434EBA082409Fc49C419Cc9d9E63a0f6,1
0x178e3Ce9864496df679575ce7B1892b17d8b5Bbf,1
0x176744FC50fcc5323ebe2b87474879161015A111,1
0x1764886a87Bd2a5564B82944E81642cA3252AFe2,1
0x17507E588b7Ea5e8ba7a5974210C6b1e40d150aa,1
0x174FE560F3d26AEB40A15fF3b90537a1A778b783,1
0x173fEc60BA710Ff089F18D809319a5Dbd1d62512,1
0x173BAef3b5502a78b81Ef8928eCdc3403e2e76c4,1
0x17316eE66C50Cc4b807FDC5E940F89a97c9C3282,1
0x1722f51C2ab1B2C9D698502C6BDe8d3D8BD6ACd2,1
0x170779F2617122129EF5150935D3862eeB0126eB,1
0x16df32d3D2D6c63cd6f1b97E87536bfBF7113794,1
0x16d66017D3e739a4c4E9CB8D9C3B53b7427Ed4CC,1
0x16d4FDeC4Cd713748884F54e3eDcFdaF2D6814a4,1
0x16d08840C3B13BE83FB0f8C1C5AA86e9559191ca,1
0x16C90008Ca032dF85D5cdF06eB69a6C329B4Af26,1
0x16C8387D21514dE3889b126ba1D565b1B090Bd01,1
0x16A7dA59D6328D9E765831cf9D026E0F27dE71D3,1
0x16A51E9190f29646Fd0a629a7cab31C396b8e0F0,1
0x168ce17179477F551a427650823765CB92F367C8,1
0x1688D83d9AD92d1a46386101ECeC87ee3A78de86,1
0x1680619da0617d084837780877FA5cebaeA87Ce6,1
0x16749F59b25C7C75542CaDB126CF44BE8a7c3201,1
0x166B0E967BF17571Fc2Df38064a36eD6871d6118,1
0x165E4e022bc79aFD1CF5464b85016d41cba53201,1
0x164e644a4649026EA604f3bd0ae52631ef5544DD,1
0x164847F2f6a424D8ac9f7F251b9Fe65F6d6b606a,1
0x16347dd1A5a7F92Bb534999c7fcde8b4B17B4b88,1
0x1604EfA11c5b7392BFd161f6194EB7d636e01C31,1
0x15f31e1315196A104EEaeF2D575e327FbE9C7ffF,1
0x15Df8d5c22192B54f10309F89e6BE1891d8F64D7,1
0x15C39E1e6843B01eBC30c491395209a618D314CD,1
0x15B9195fdB76A23508ec2862d7F98bBA4B658a64,1
0x15B631b0B72C4164f2e1e94c1b294229628e8143,1
0x15A712951A27c681194AF8A65893B414164fe3Cb,1
0x15a105b6ECa967A438A6930f6859B7E5Dbc134A7,1
0x159A09172BC52cF36BdbEAAaC214A5A351b048b3,1
0x1579E97c0C9619c61aef016d055b3d7de7f14BdB,1
0x155A53d0c1b8B4Aa0AE77116F968BCA8c8e7230d,1
0x155129BAab50bc2D7DAcE71e2BAB9133BBB3b65F,1
0x153B9a5731dB61F70712D36723D3016544B67393,1
0x152a035c84B3F53A12869C3f95E8811F5D6A4296,1
0x152442c0c6379BB4fe9844aBCfFEDCdF3791775a,1
0x15198bC084d3c442666C6a60b2F3f35eA50D9893,1
0x14fE3f2889Cd05977Ad4E2508E44Cb0F3D7f56Bb,1
0x14f12e80aDd26C2824F5c84487886B43e9FD7075,1
0x14dD16D788da536A217e47324393E95c9d043099,1
0x14dC0e60338281FEB4788B72E5735F812672c3C0,1
0x14cd523F1ee5B517f9CaDb56c60920D1c780Cd9A,1
0x14C6A3Fb0fa46A43d01DC7426D7c27cf8C71c10a,1
0x14B82bc76ADdb0858EBC857daA956ecb1070F7ED,1
0x14A5D5B8043B2951bd8D9e6e90f06832E385258b,1
0x14A0735652130582bC50d633A72f4754f37347b0,1
0x149Cdc4Aa50f5E685784fa390050D2A5c934E29E,1
0x14998a37c82f64E84001d730c430BaF60B3fde88,1
0x1496fc458E4F5497842942B2c17E6Ea3A8534DC7,1
0x148FAe17fe089773aF41a190670519Ce40bd394B,1
0x148F4e63611be189601f1F1555d4C79e8cEBddC8,1
0x148768F38b4807a3Af2E13d6B97c29eB27B8107B,1
0x147e16F0Bf524A95D07Dd7113f4C7e7C1Bd67921,1
0x146238902fA03ce38Fce81763140532FE394D5b8,1
0x145fF050c2A644469c8337D2f1De0e2221e0031B,1
0x145aF34ac52b19a7a2a1D7b3DDd6810cE7576D9B,1
0x14587a0bFD7da92c723A58221220b68f7D6295cD,1
0x144ad71641e1E0EE4FE67fFEFa0893e5b4c06D96,1
0x1437250968be0E8CD7A8875167Ab60A4A3b3F7Be,1
0x1435aD42A9eaC4FBE74A625Ac7Cd47409624C753,1
0x1412729138834ffa100473cc7a749C7d17fb73b6,1
0x13f399782768429BdBbA1395175eA3f4244b0B84,1
0x13EF055F9eA6aeA23653C01a4924DECEb242cD3b,1
0x13Da932cCE5e7677AcCFB3152e3913299BCF80be,1
0x13CCab726695c1cF0212D08a8CA09fCc6778e650,1
0x13Ad89D1C63b07c629492b4e5D1B1039135355BD,1
0x13A62D8F0Aa48E62D963d543E93a5A62Eab2b2c6,1
0x13988CEF5721a77e9A873b9c988559ABd698516A,1
0x139090943a9F64f0259bC7A1725D1102F2e1CEDd,1
0x137F6bef813344B77931dFcB5E80563128f3d195,1
0x136f81563cB4C829B8adD95CDde09d03716D6C2D,1
0x1369F0eBC29e882F33921202E20eB3C1d51130d8,1
0x1341df844780b66AF4ccC98Ae0F34be87eABe1d5,1
0x133822b32eD93933621EF20cad9FC5795Bfc9daa,1
0x13374c3C50F0ec3DAAAd32B4A343D65E7eE9Fa33,1
0x132e55dc6cd26F5eb3233928edF0F682d8abffB4,1
0x13278c31247592eA3f6f19AaD0a20743411C4094,1
0x132470D38095400690a369a146311674000d572a,1
0x132289F7788099b07C1D12a6bFF0a79e6d8aA8d1,1
0x132239919653064455f78e683C365bdcEFa8Bb3D,1
0x13178D16d49c9605794c0b48fE191c3D0c81d36E,1
0x130C82dbb494cF131f8884e4770BfA30Be3416B8,1
0x130c5323ED1Da84455fD01757F0827b345608289,1
0x1307ab404e65818318F9590fFD63ea8Ff1720c8a,1
0x1304726b75908Ad0E0bd444DD9C6144D7296ADb6,1
0x12F72CFd58De931834CBd39177037e75aC890d85,1
0x12f05cc39627b5A7a7ce905C0dA4ad1057E647eB,1
0x12E41E4f6F90c9278e6bE537A19B7052b9d965F1,1
0x12cFA0fcBf3B2B12D90025D03EBC3241EbD63BFa,1
0x12c503fFF1725a9EAF2c1fA3D248e45EA8F934A5,1
0x12c162D1a60B518feE11686044210FfFc14B71d4,1
0x12b3DA3e8aF0ffd987a88C6C5b9b0739Dc0Fb968,1
0x12932dA42467503218f65E51227F16c7Ec994354,1
0x127e889826EDD035751a3996A44b5fb27147347C,1
0x127817519773AdD023437B76BB2F6991a93Da75c,1
0x1277E0E295B00350f2E7563898Ca6A065801038a,1
0x125DaDB11BB7d0C6e947bDC67292dE4d032A30a5,1
0x125C459dF3e8454b3c90462f5078c34182bd1312,1
0x1257b6871BFca1DA593fF5586e73eB1731b494fc,1
0x124A82Ef36B67610E94bb7088fe8B1D754De582f,1
0x1246F36a66cA3ad68bF78e9Ab48105c070891451,1
0x12403908A0B08e16aD600F0122cac3b055C1fc85,1
0x123C6D7D6d0A15BcCf7204bb5F5Dd6eaAFb8871E,1
0x122De050Bba62f29f18d0DE04c72803242B77209,1
0x121E1573B7C6c15Aa4C036d54BFd2974Cf38a163,1
0x121bb05831125D628459fc76BB16ac92aF3eeA84,1
0x121B33DBe14d5334F506347ff957DFb7E853F10d,1
0x12192e2C74285F114852897904b1A5f398c189D3,1
0x1215699aE35449C9fAB4448E80E9B2D0E9b0e9F2,1
0x120AFEbff136EcbEdc4a9eb6976a236591CE0A90,1
0x11f13a72FAb90aFB64d90b8ddE78F46f4dF272E3,1
0x11eBeE2bF244325B5559f0F583722d35659DDcE8,1
0x11E3DC3c4Eb586C1385ef9B5eF5df80519B62B59,1
0x11Cd4E7dC1E870d636DB024AA75acC12dA07ee4f,1
0x11B9dd6d3129Eb740011b1A948aDCbCB67758a10,1
0x11AeC066Ff84697A2CA7b5d6Bf277468C62e4710,1
0x11A49404B74AE8Dd718E339bcF2d152b71e08FF2,1
0x11A15c04817042dBb738a58150F341331F7265B0,1
0x119F8a224E41CBdd5961Ec8811dda02C1fFA34AB,1
0x11925475EBd17C662409d2c0c352f144AB1cA637,1
0x119107BDcFe33B38dA6061f8065C778C3218c032,1
0x117526163384281296231E864DB532a6c8EE8484,1
0x11682A2825eed5C468ef86752F0eA3a10EAA8a75,1
0x1162C4e0833E16CCd399b1a8756285e31686d127,1
0x11623Bb0F42F26Fc3BEa6f222e7E406E708ec36d,1
0x11475ecA9E123CF0f814Ca0f55479d0f7b3D7D8e,1
0x11437F5B7e814e5877AB497b587590E873ee71Ed,1
0x114133a7Aa5f0E80fc68E9f90F13062406a86f7C,1
0x11370625cd82A64CD1f0CaB04dDF84C9F370Af50,1
0x11315Cce8f009e4CB4234FFEAF2E860b84E5b0f6,1
0x111cc84Cfdc4D93E6e6a9271D5B295C7BCAF551e,1
0x11163e3400f65949421D64dbFa3eEA73CF745114,1
0x110dCD600F2C094bDA7aE5F5D994134aAC998cB8,1
0x10e1E9B07fcD7DCeC56761d08d4e072d3ca6cd8d,1
0x10DDDE5fC3A89862Eff8d2a70F52d53248DA8949,1
0x10dAef5A4b9c16c0c54342Fc38e628a0326FEc31,1
0x10d841D539CB8B3f19524e1B13f47178FC99B574,1
0x10CD02a475EFb290B965bA73040bf4186be3B4eB,1
0x10C4d4b3c3b52a69d1D2f87bF7fcd6c66f51cd91,1
0x1084577B94A412AC182434b37D3B07B3319580d5,1
0x1079BDDa88AaFD0cEe706Fb569B335bED756aA3f,1
0x10701840A201f2DC62E34e872f5EE74a1978b2C4,1
0x1065909307eEe3312A6a49a269Cd008Ffb70De6f,1
0x10639B688ECa2Ba0DBB37975117Bb19d14f5f695,1
0x10630814bC390927E6A4f6c70113E3C767aE8B79,1
0x104Ed6811e02927db8dC22908B9b781128D5af52,1
0x104032B88EA3Fb5e8ef84a487A1Ab956fBa7c526,1
0x102008B16F49Bc0F87427894012f0a616211D2A4,1
0x101b18aaA9712aF949f15952c6BC3CD803D815f3,1
0x10182990d41e7ED927dD1C59dFF3fe976eBA7CFA,1
0x10112C4d5309424e4f841A3A75b6F553bdB17f94,1
0x1001d2b323c5d6bD07405137347A633c658B5190,1
0x100000Edd4755e8f3fE421E0Dd513BD611494e17,1
0x0Ff75354B403bEaee5122a9bCa41E82d1aFB5171,1
0x0fE5E970E18e9034bAb732603b3C42390B9D9B69,1
0x0fe3c1599Ae6F9B9d84D2e355956c222bB5495cD,1
0x0fE38E1Ae0Ae838aA7B24C7CCCBc0c8955921488,1
0x0fD98475645D5F0d9dA7451D3e028dE86B9fe001,1
0x0FB6d5d7103f64C65B2d95a2Cbb2A062E05bcFDb,1
0x0fa6fC83d1ae9C87537fF6AFe31Af4570Da70180,1
0x0F8ece876c840Da69aA36f6a3e6F37E7D6f0F633,1
0x0F8e28e80A32582FAC87CFC3106953a59C9ef4Ec,1
0x0F89921F8869344dB41974daB2249f13A59694B4,1
0x0f79da5FC0f6c9c5dA3befacCf4D4a562D258Fe4,1
0x0f67dF6D24D9c275f7119141A1098194ea3A9Aea,1
0x0F5fCc062e9a98182196ae0B07B758B63Cb5B2E2,1
0x0f5dECa191Dde5A329d0D703ADa3680C41b667f7,1
0x0f5bA6e5DD292cf7994Be9E6502B219C1AAa88E5,1
0x0F5Af4D397466E527095018a40b708E1c6D662a0,1
0x0f493931981Ef166bC2fAF0DE4324F8A26bAD0C2,1
0x0f355716DD6bF2A0E915C4A2F25BC3AD8544C6e9,1
0x0F2aAc0dE28D90566B638fC06655D934Da336775,1
0x0f291E90B3c8787c2C44E5f520CF237c234d9Dc8,1
0x0F2466A3bF0d02A536F3d4A6f250eeD44AB2c577,1
0x0F14D1B9FeCC960EcF377F5177FaD4D9543a65A9,1
0x0F0177aA24eB0359F1aa18502d5837a5e2B71d67,1
0x0eF85224522F5ebdd6bF39817a8D9Efc07012418,1
0x0eF73c444695989fC99E7B573B3A8F29c7F54e3E,1
0x0Edfbd35db47C833f5E230Ce72242F5EEB66bcCF,1
0x0ED530B0fDf226030e6Ad78fd68eE033dF0103c7,1
0x0eC8b75090bbf2b94C80710c41aD33285BED758b,1
0x0EC2ec6B27F789338794144270739E2310B29614,1
0x0EC1360FCAAF0F12B902387d74102888ff3B70A5,1
0x0Eb12B557DE283E9E16025652fdc3E364158F3f8,1
0x0eb02AC644872762c08E7bDb6B66a4957a6b32d4,1
0x0EA26A02FF109846C187AEcD464aE9AE9e758fF3,1
0x0E9B063789909565CEdA1Fba162474405A151E66,1
0x0e97862e0E9D7bFE430C90eFcEf0D6f0530Ef6C6,1
0x0e8BB213b61b740A4CE5F8b59BcbbDc05AEcd615,1
0x0E7fb5fFF3168fe035Ec136B762496A98546b92E,1
0x0e6c6653D2178b3DA85d5A4088Adf51bED0EA344,1
0x0E64d1C50bce2dB16ef63f54b19A594615B3aaE9,1
0x0e46d53B0C6Fd38032bee35d55ce6B7bfdaB1860,1
0x0e3277fD54CD49198d1d033ab92558e86a1dAeeb,1
0x0E2B38b40A91F2e06eAfe04c7e4f60AC03eE6835,1
0x0e073678D8d3ab0aD98CCdb1D91c9535910f8FaB,1
0x0DfB90A3ccfeE7b69277E7DF6CA4fA8FC68bAF1f,1
0x0dF8D763Cf1AFC313e982C463a9b3Eefb2bB02be,1
0x0Df1f70548aB69FB1a35fd0fa729bF60d0E50De4,1
0x0dE0feE6c4aEf09566D84409614A69FCb0313064,1
0x0dcd149D8a0Bd20305E848DEc11E7A568f7B9209,1
0x0DC9A715CAc33B04a25331D8b50425209C1703f6,1
0x0dC89D5CFb8b4dfE0021C5F2F457689587ddCAEC,1
0x0dc3D2b13EbA5C6B66bc87a3CD9db8Aa19069E83,1
0x0dB71F507Dd156eF834Bd916f6f344E6a0f936dd,1
0x0D9f7A14EDC702f77F56e597847f5777D6EC889F,1
0x0D998071eB7685beC3913A24D84DAE65d840f777,1
0x0d976803fd5a8347037C7DdBAA282e2050efc231,1
0x0D88ab85DE9AD6416c13D2f6ae564b4944C510fB,1
0x0d84c8C12DFb9FE3c2A4DAdeAE0A6DF6939c440b,1
0x0D421b61B42433876cDE49D84f46757D4a633199,1
0x0d3bb6EB10Fd8109A1Bc5ABa78f9841C609f9a11,1
0x0d373C746D4943A724941FF2C6b27E65c66FBd6F,1
0x0D3633251Cc5157304f5088B99c5ae62D43FbD4D,1
0x0d2FC4e723401773148FFcff72656FF669aA2838,1
0x0D2C56E3E9808F6725F6ad1E6e458245663b5b8E,1
0x0D2b91A1F969076dc100C4bdB6C11c9239e60945,1
0x0cf174cCC07193751008EC76C73705BeE7f80fE6,1
0x0Ce9Ef2F19B3b03d6A2ad2d8Ae1f0F31b1938A15,1
0x0Ce95C59047e4375096d14179229069c56102af0,1
0x0ce17eB3DBCa900b4bB585711AeaB365e282c670,1
0x0CE0ec30d23B0452ADEB4E3f4e8b669231c7D7e9,1
0x0CB92807A588e1F267B7B737eF8C5fD4067d0900,1
0x0CaF99F443eB5462427561067dbf3FEe53e5fD1f,1
0x0Cac11a7D29aB8C87D8fedB9Cc736146f4fe8E84,1
0x0C78DE29710AC96027C282D6523c799D507aF29C,1
0x0c6EC9b8ac3d72E6E2b7532C5e4aE0D9a5B6ABA2,1
0x0C6372f8AE22F9b1177882Eb1c0B11f0632ab682,1
0x0C5E9dD90b2a3056E175099b256A875FD94063dD,1
0x0c542670F1aF3518FD03c5F1b916Cd21a2C92961,1
0x0C4e3B38CB9Db629eDDbC13f8D7fFA2229C1d878,1
0x0C46605590D6579C7A1E360a709C658a6890404A,1
0x0C3Dc4ab7c446c8Ad448B8037955aDf4f76C239A,1
0x0C342f46fEc2efdEB7E28A8a08fE459899d320c3,1
0x0c30D634e081eE1a66b51aA8066F9cE254a102a0,1
0x0C2f4d65AEbD9F51cb73C361c35CFc627f6de06E,1
0x0C2d9DAA8f0bc951808B90A2953109EDedbFbe15,1
0x0C1c65F568e6782C8c6C484921aA36a7154288d3,1
0x0C1633e0BA164a9DEf56d86d7c46afCBe4d28a77,1
0x0C07fC4F70348C5DE11cA5C1b99318EC7ABeB4CA,1
0x0C05ddb5d7188548937c8e2Dc04B9A148BCa4669,1
0x0bf6Fdbe2F09e39dc837191B35Ab2167dc9a6a31,1
0x0Be6dd8F1aa0C6F4c8D28cf852F53552C6e24c86,1
0x0BE61dE186687c4E16F3651704Efe91bFB951000,1
0x0BDa049A0671C2E4A311464bcC2364f96B528F0A,1
0x0bCFA77F1E1042dC67B288dDbFd217428448480c,1
0x0bcc3D5378cEEAFC52156fE4ef8b41C3dBbd055C,1
0x0bAA007AF545a2F27Ba55Ba1E5d468e16743B61A,1
0x0BA6565769b294Fbec8D487BAad52e430884F8a9,1
0x0B96940D7409FA9b5E5d86F03c4847Ef5b97746B,1
0x0B8C08c13F10230345C70710fF127Fc7f5A95941,1
0x0b801fb4C023FC588E855789fa98dfBE36641252,1
0x0b6b0b44C9bb999B16BB6495f0892779C2BbC862,1
0x0b5FFDd958Bd8F6F3D80cE26fb0dcEecEF26feb3,1
0x0B5C71494729e91467416917158e31d12D8CA7d1,1
0x0B5b9957886B446fe2477aD0E0AEbc2EefAb5Eb8,1
0x0b45682592EdeEe7d44B14152ca60Db5a935f524,1
0x0b40d684f94a6E0CD00E7bc9De9156Ec8D9e9c54,1
0x0B3Ebd051b6a58428574647312cBAD4f7eF08681,1
0x0b34ECE03C78DA9dfFFBEa1b6A0fc5a216E9461f,1
0x0B341e42Bd51f5126Cc7CA5905cb28331D21Eb4B,1
0x0b0F9f02d9aEF778433dea88C4BEC341D6C86834,1
0x0b0999F25c4Bcc74baCE7cB1Adf5Fc7662e29e83,1
0x0B02fA43a9CB92E92a49BBbcD7E10111C05F0BeD,1
0x0Ad50C58D425a264105D826f65E9db156BD864bb,1
0x0ad342a54AD2C3b1EDfa691aaa9f97a7c98471Fc,1
0x0AD1aA090893894B7F3378189E2B401D6338F32e,1
0x0ACFdcF97909503C844e0AE437EdD0fF9AF6cFff,1
0x0Ab66ed9Ca0dEb340558d2e4C32139eE145BFF54,1
0x0aaaf3a9C3f7D118Eb67b3b3fB2c5929caDb016f,1
0x0A8e938779B7a6C7d98941fB2C1fa4fCEC2D55a0,1
0x0A8E2BcEe9950019BF5eb1B96DD1747926F08fc5,1
0x0a8b1c4Db082720c522e7C7f730F0614AD0c3987,1
0x0A6F2F5aD8954EdbaDfDb508e599cd26AB668B97,1
0x0A5aBC4eEF196994abb9cd34fa8FE9229Ce53e4f,1
0x0a511C3720a5A5569600C1029Ccf72d7077e4a45,1
0x0A43e5Cd991852e539dacD2996Ead14Cb9ff4909,1
0x0A433C92d0196964c5810B969299508634656859,1
0x0A3D9d1743833bC28b3fAcfb4b00eC259A7B5Fff,1
0x0A2bA7784176a947f351AbB378f7D5072eB3C79C,1
0x0a24164AAF2f4d75822a7Ff41a4585554E7CF903,1
0x09Fc1031D03A78eD4f60463FA9749870d33439BC,1
0x09fBd9CaF3eD23A816661aD4ad6A7c6b36F4f8dA,1
0x09F9E08438D9398DD697b07E28943a59bF46202c,1
0x09F5674685d0669049AD32E00C48fa03d8Efd27d,1
0x09f52E6ae1649551a7AAd0E089E04AC0D622d486,1
0x09F213953D92F865b949B3E39b9dcFaE687d4966,1
0x09e53f121c0d1bdbe51818B6a2fCf0f7Df276DD3,1
0x09e2918E0D97f9b55f6b89ead97561190D152Fcf,1
0x09C4929482cac3f214cDB0e36851a37ad9f1aAAF,1
0x09a5943a6d10919571eE2C9F63380aEA747ECA97,1
0x09a4E26d69821EDEffa5Eb29f134D0d8cad8EfC4,1
0x097E278a74098623fb96674Dee9DD136f75F6914,1
0x097bA4a0dD30C3ad9Fa01D3Cafa17503Ffa7aa57,1
0x09722e94E0aC64E12dBbEEE7D1B06624b4e1C612,1
0x096dc780955a3E922414975649aba6a1D18275fD,1
0x095Fb54D65F16A730711B0f6F486B3F1cEeD1930,1
0x0946D78C71E7bEB87482E5ed47d2891DF01Bad20,1
0x093e487f6Ec8b64C8fc9ef34bF3635C8A53E1513,1
0x093b36feC55f23Aa44F1D9A180104C335B82A2bB,1
0x091e5780009f074C6eDe9E25409299c51385aE4D,1
0x091b95324525Ca0903D0923f4Fc213Df586491D0,1
0x0919f2993351cE756B44bf693016eD642d480011,1
0x09193b7D0433b663ABc2c345eBa1c39d01d9e2a5,1
0x08f7c2E541fa40A56AB0C2060Fa2bdB348464DD0,1
0x08F26fEF2C21f088e2BFE14e2ce8Df7D301c3f66,1
0x08F04e8e4B56A25E766fCFe5085D2db1B77241dd,1
0x08d8E98801edB0bBc24c747718A27deE83689669,1
0x08CB3900BA5cFf0C129d1350EA1075C6E86771C9,1
0x08Ba371f556b01D2a384acbEa85798139f3Bb680,1
0x08B13c7FCF0Ef240a089ddecbbeE232CBb03060F,1
0x08abb6154730A4E06D69b6cD2dde6f682D6f1083,1
0x0892f890C8d5E790FB900B5e1891fFbA32A2dd89,1
0x088bFDD35efabf6F52bd026AEE24f3B0bd352E08,1
0x087F6Ca365b72eaEd89D0548d4450F3Bc52AE981,1
0x08755E4D61A4cD07d23Bca721443d00c6aD9C8E7,1
0x083fb46EEF942dB0Eedb7E62a7B7E009382681C3,1
0x0825b5EA055Cc83e8528Adc799Aa09EEA3bb4Be3,1
0x08061468338EdeD70CDCbAf970989b2f4431D416,1
0x08033Fa760c397F4Ba222a8E53366D0119e4f8B2,1
0x07F646cE74932688d287F1aCDa9C6AF37ae8107e,1
0x07e5010565FD0c74a25ef1e3D5A11ADDd5DC9014,1
0x07dAE3C1E939b897F3Dc22b905c19eb6F3B06924,1
0x07c6Fdb573aC8Bb581E3Bf3599AB8724cCbd4f1C,1
0x07BA067DBF7F18b6c112Add1C30aa3a7bb5fdFcE,1
0x07a7da1aE93217e2fd958E14b47B2DB4790A3176,1
0x0798DD3eF2f74EabAdb366B6f00BAed95b6C9c8B,1
0x078D241DBE88c96D02e69cEE7e13BE12b3612205,1
0x0780C682f9a96b5Dae2277eac11004A3675A4B48,1
0x077C5d343e226E7e152246780be2BCa2AF91631e,1
0x0777E59B6E682b583338b35A6d13e8C71868adf3,1
0x0775F7C8B3655ef66dCD1D7Fa002F7753E59939E,1
0x076E628f36bD43Fec8F073d8C72347CF6b429271,1
0x0764dc400C280FF2B6D1F0582969C0c668271340,1
0x076255579C873DDe18837Dde44b7A9231213faA4,1
0x0749132e7D4118fC6775279Aa076718a5c2716Fe,1
0x0743542070891051861f8D0a4550f97B43B0B89a,1
0x0738f056FA8d1FdC4C020240BDbFb6A2c3023eBc,1
0x071bA15c9f19e4B68033C9fFb24e837E4d27F67B,1
0x070bB61f05a2F2f386a8796E34bab6dBc3f9a538,1
0x07022938e17988D2DF8FAC3bc3bb44422a8afafE,1
0x06eA3b4fc6E7f8E8CEb712b641c49479963CCa46,1
0x06d521E45e95a07d710f28177b1a6066BF385260,1
0x06bE6DadE8dD94840251E9e2d833C39C96E37D0B,1
0x06bE0daDA6Ed4d813242861Cab45ad2407a15335,1
0x06AFE6afF701586643Fbe13F837F6B843E4c1ac6,1
0x06a1E61244E6A55FD52375b3faB913Af9249952b,1
0x069029A66A08a78EbDc903B9fF9e5f1aFf2DEb3b,1
0x068f8ABaE3BA947CfB3ac0e235c11114E7f671EA,1
0x0673bA4082E50BCd80Dd9c9fEd3a5b16E907d76B,1
0x066f39A03D5795F69A216cF7aB80416549Eca9d8,1
0x066D22F32E6009DE31435887650C65E6f728D34E,1
0x065bB68B34D068Ea1C1311718eBcfD4256Ba4dc4,1
0x06522EEFa8002d2843E79fB57201539f31e76374,1
0x0642785C9bD3a38ae1ea0A44f900E09c1E54534c,1
0x063959E3730d3620407196c59fdc85E4fE64C3DB,1
0x0637400e63b3fEF420D5163aC151Fca764891dE4,1
0x062713E0dCd9489f0aA8a667ac32E5e695045428,1
0x060aBe85A2e57913E6fE287010Eb854fC4b373cE,1
0x0603DC3e4175c050d56117a86B8cA9370b657435,1
0x05f154731D83B5959853B7BaF616F114d1579A01,1
0x05effE2f11C3790Edd091b97b3860eC4B275D9E8,1
0x05DF1Fa18182453cCdF2A51Af66ee7FFd90166aE,1
0x05D41274057A0eD09e4b65f8Ba8Fe3d452932925,1
0x05c6d9b3Ddc53438eE9617810D18822aE4143Da8,1
0x05c2974d048D90EC5Bfa124B6369396727B900fd,1
0x05bBc353afE7Dd120440Df1C1ba9e0933d79C2ba,1
0x05B9aeEe6e650D82DaeAA9F31F1F4F9633eB8e3a,1
0x05B123Ba0aB179af1ec33B3BC79C5a620a0B3568,1
0x05a87f1738F09970D84325b4ae9Ee5a6B9523bAD,1
0x05a74B71C29A637dB353759d395d4657D19e1FFC,1
0x05a66caa39AACA96bc7B9fb4951c55d8E2A46364,1
0x05a59f65832A529dC4fBbA66975039776389Af79,1
0x05A3A14b4C179b9A3a3F3A8933853F95dd87B9Ea,1
0x059b12BC0cEC5e150398aEc13560ea15060FAF77,1
0x0582004508E92E57076462b0C41Dcb3624370052,1
0x057a484aE712F7A753B461D9f172D5d2Dd69bf69,1
0x05747fc55e8156F2337a5e525f5c5818BD8f195F,1
0x057048197FF499d1f3111b05a1C6E9DB9B27eEA9,1
0x056Ac9EA2962f5cD274b073cD2be7343B426C5dc,1
0x054F123BBe2EE62D552e8aAF6ad8dFD41903AD4a,1
0x053CfAf8bf4f75b0899c603A0cD8EA3AEE331f26,1
0x053499083f0Ed66A5af06245483FaEeEfc313249,1
0x0530E84aDB5D0cA3DB9ad9A0F52c489a6676bf49,1
0x05067961bB5Ecc728cF2Caf6d43564f41FAf1209,1
0x0504400Cd2aEe59dB29FDeAb7EcFb743C2f3838A,1
0x04EF28d3FFfCEbD75B603326782024aE9390f5Fc,1
0x04A09d72317d55c11E019709140f3F880d4571B6,1
0x049a2B6D1F0E57F1d35cAD380534f2A0A25e81Ad,1
0x048A8BB49aC39C7a31ffBa9f9b6522396Df26B2B,1
0x045AA32568A4b86BdCC0752227ACD383a43422Ce,1
0x04509d17d45964fFA19F16dC674E1155bEBDE22F,1
0x044582dB57787132D23e76CC79687D5eF1DB1898,1
0x043D18c2f37E44CD7a93e059691cEb7706DF129C,1
0x042747C4e9854DC99B247623551658997d44e029,1
0x04249c7bf9EBAA94772Bdf3Ba029C3Bd94E99d9A,1
0x041EBB58dB319690823589dE26360b84Dc8DBC17,1
0x040Ba138485e32eCA97b8EA603B9410292C36dD6,1
0x03Cd609d7C8C4f436F58e8642Dea529E752DEEa9,1
0x03C47Bc753b94C1dd013F882b546De1feB6176e3,1
0x03B6D486e3B9C0CA35761E968deB14CD627EA821,1
0x03966e1781A133330063Ce206cD31168b3C8E30F,1
0x03894d4ac41Dd6C4c2f524eD4417C90fA46972c6,1
0x0385eBD136BfeB8e1943992c23211A5655D6393e,1
0x0381373d957130b8C3864988780C8534A0f770cA,1
0x0379ed895F8b2DB1bA771ECDDEE2839E1539fe18,1
0x03666d4A16d23Ecc60549868DC399e13649ea342,1
0x036153ab611206f70038743a68A3cF51c3Ddd339,1
0x0330f77F3c57940094a65446625c3b3c71606A6A,1
0x032A7A7E6dD81Ff4aE4A845f229E0Ee54Dd1334B,1
0x0325D1bd0547758E922834f3b5D1bf6Faa946C22,1
0x03232D78a7F6cB6d0a1934b997E82042C3d65505,1
0x0312C9733105B0431b410a5Ee8a54a2d6F251f2C,1
0x030f31613d91AD57b5fF1D9a2a7A9D704e0E762F,1
0x030B78756013AD403d6da6BB6fCd305E2E26830d,1
0x030050d2353CF2D1798e34a422eAe45d2530d012,1
0x02FC1B41c0b3e21E14F102C9284D2d20530070C3,1
0x02eE9cdaFa7037aa58cBA48c757F88d5eDa73980,1
0x02d9dDeB501cf29AC0F97c468BabaEd3Fd140B16,1
0x02Cd31aa3cA6633d2025DcDC5469A922D5e4f690,1
0x02CaEd80AFa8025B14081a4846C58faC35fc81d0,1
0x02CaAA46B77aE1FD7246cD6bDA0e41C67398Fecd,1
0x02b85Aedf9c10A18144973B0a98e2F014da54E0F,1
0x029339aDd846102f847B409cA425F232B60f0a80,1
0x028E54C1B0D8d133567da3C68c52a75142053517,1
0x0273B08d296d1F8A11ba7354fae6c85A91bd3e09,1
0x02699223Ce2eC5de8e2b8E326847E02b07E5A619,1
0x024CD06D84A2804d6077134dB8CBA1d5a52DF339,1
0x024899F1b2E7c3CFc5E3db7F54Ecc284fd775d29,1
0x02363D35C03055255b70de3D29B76F730e8088Bc,1
0x0224470460F600667db02f4442f1C4f22D06429f,1
0x0218013674783D93481Df3ce095fB512f8daf888,1
0x020B0D4c844E0dBcA51C9AB779DF0191978c0359,1
0x02016f30B9EE7a19eD9105a7a9B347dc91BeC843,1
0x02008C34898Dab1925cc8D96f7cAbb8ca35B4425,1
0x01f419ca263ce8fA64f43608Acf9aA8bF44c658A,1
0x01E0755Bf9Ae9ff2654f5101Ff072570aa9985df,1
0x01D93C1f5f5607EE7Fb771e5C322CBe4505E660F,1
0x01d5435525Af610d30DCeDbD5c255e10757e2651,1
0x01d2bFB55F31F54eD23424C083C6A387E4C15969,1
0x01B37Edd07Ea71Eaf552b6ef1B8DcFBb328e1F39,1
0x019Ed608dD806b80193942F2A960e7AC8aBb2EE3,1
0x019061f6272B28e9d6BaaD2a1D65d0C16Bd8c555,1
0x01750b8b33604A1835451EC868fbDde67F1c55b3,1
0x016D933cF92434F2A2A4F6Ae973Adec154Ad2d69,1
0x01684B8acf4104F2062255e80b7Fe14bb867520d,1
0x01675E70771bA3f69564005df40eD866E9b389b1,1
0x01407772c2368D5752c59978baE92158bB9F2816,1
0x0136B00bE94eD8Ea798F40e37135596337305461,1
0x01362D5923530672D6A887cCdfC8b156cEE97824,1
0x012E868121DB86b3dAc062F58cdC797c8879Ce7E,1
0x012BC8dB35B332C12A083828b3c4B70CFD79fC58,1
0x01291849cC904161603C1c60fF86658AD7eAdB8d,1
0x01238bA1B264777c87Bc8e0d1dA19E923A5E178E,1
0x011E08D18f7aA71607fb142eB9BEB0BeD0B0121D,1
0x011c41593e6cd7D1890e83900b6817dC2f7D5F41,1
0x0119DE85D18A4aA8Ee92bC025bFda33Ae0d0Fc68,1
0x010Ca699841BAe98C81e5f2f85e4CFFfe2d73083,1
0x01004bEa6919b67C1475756EA75019F3Bdc40679,1
0x00f11E4f7295A924CC457F001C6139E97E23fDd7,1
0x00cDEbc042C87C95e439E1AeFa0Bd3a8014dA577,1
0x00cC1A59274A9cC82FEE94C9E64Aa515a644D4B8,1
0x009A8D3FC5846FbF6EF69eA7a70d78902bE46934,1
0x0099Bd8be2e5f733118871A67A5301b379BE9779,1
0x00915816EC18012BFAe833b4694434d32b772666,1
0x008EB93741b44bF075f4e3bb76A6aaBFC52c28C0,1
0x0087B8616714e74d681430bf4F9A1189965bB16F,1
0x007F44362400DE9F364eFA919fF84C6ea9e210D5,1
0x007dDb833BfB3D44002088dB10cf41F06c477B1d,1
0x00774b87Cd6a3ca66B9d844431FdECEaA4F73282,1
0x00757438f320d3e53AcC25B168361a9F7e66d17D,1
0x0072C37F4bdCfBa172434A306B9AAF1CEFa0D916,1
0x006fbD821870E99dC3579a793E1e39508d96Bc89,1
0x00651B9E2924f1a5B63F6460832ab211E5829190,1
0x0060F066E1332c15971502458220f1C5E017F3Ab,1
0x0060A13fDBE0873A22a8DA1A2A289BAea6B4FDbF,1
0x0057BD83a142Da84B6404616C683e21e7Dd6fA5f,1
0x00517b07DB18A4210276398fe3fab14Dc60F495C,1
0x0044701Bfa84dA4757D10804Ac6658C42766659e,1
0x00391465D65bE2E919E9c2ea45828885BF53EeE7,1
0x00341638704e87358C34B2886A5fc2f76EE4f8A3,1
0x003170BF04615DBcc0A237dc7364dF6bf3Ed4Bd7,1
0x00258457BdA9722cdD50e5fEa09c69a368380435,1
0x0019545C100c3441C4E9D40f24478FBFFA53fd8A,1
0x0015f91e93996d7E5979bF32391a8be59aadd606,1
0x001534e08b36c2329E6F7d1Db1EC2c0CE2BF2303,1
0x00148dE214db39Faddd9be65F79C20F3c2E138F0,1
0x000683A18DB9cCCe193b63C5173bAdDE2142abfb,1
